This file is created for TexTools software, Resmat Corp 
ODF file name: solodf.HODF 

B	500	0 
	49.65	101.99	62.77	1
	61.86	84.82	35.14	1
	66.09	35.05	14.47	1
	92.30	89.96	48.21	1
	28.86	58.96	99.34	1
	36.53	69.40	17.78	1
	60.06	40.73	17.01	1
	62.12	38.99	16.41	1
	44.07	73.42	22.50	1
	133.89	41.83	2.82	1
	298.49	8.33	146.71	1
	94.50	85.41	81.04	1
	41.02	34.40	348.39	1
	50.20	101.72	62.53	1
	42.74	37.95	351.89	1
	84.90	67.64	4.26	1
	340.21	52.02	86.13	1
	40.79	66.50	105.78	1
	38.08	17.22	44.61	1
	0.42	40.21	90.14	1
	28.13	56.15	8.34	1
	5.07	46.94	90.24	1
	341.59	60.07	84.99	1
	8.04	30.55	89.56	1
	24.11	53.46	95.81	1
	37.50	67.20	16.59	1
	93.09	95.17	10.20	1
	114.99	72.76	74.03	1
	93.88	89.92	35.22	1
	85.08	90.21	50.69	1
	12.61	84.04	56.87	1
	36.78	66.28	15.78	1
	46.29	75.50	24.69	1
	49.71	101.25	61.42	1
	358.78	29.63	92.51	1
	42.07	44.98	359.79	1
	80.59	24.03	34.74	1
	355.50	51.20	89.78	1
	49.55	33.46	344.96	1
	50.25	97.29	55.43	1
	24.35	39.03	86.09	1
	84.72	86.30	20.53	1
	77.56	51.95	80.56	1
	12.01	41.16	88.80	1
	338.62	51.01	86.25	1
	49.70	101.18	61.95	1
	358.34	77.32	83.21	1
	58.72	30.01	67.27	1
	95.80	98.11	13.43	1
	21.91	58.52	5.65	1
	3.62	70.64	90.22	1
	43.85	104.94	65.89	1
	75.63	91.17	48.67	1
	49.60	77.83	26.99	1
	77.09	26.29	49.74	1
	22.05	50.94	3.87	1
	48.56	98.44	57.08	1
	30.18	59.47	100.21	1
	25.08	54.92	6.57	1
	359.59	29.85	358.11	1
	5.68	35.09	89.76	1
	9.21	51.96	1.03	1
	22.98	52.72	5.17	1
	75.73	27.13	53.28	1
	66.51	9.89	3.11	1
	34.63	63.69	13.85	1
	104.10	28.37	33.58	1
	27.27	32.78	83.09	1
	39.28	69.17	18.26	1
	15.62	52.12	2.59	1
	93.76	89.92	11.44	1
	356.75	83.76	28.52	1
	94.53	89.95	57.03	1
	86.40	92.58	68.64	1
	23.60	58.97	96.42	1
	337.50	29.79	96.06	1
	2.39	51.11	89.95	1
	329.85	10.48	116.33	1
	357.06	30.25	89.13	1
	99.17	23.86	325.74	1
	92.58	89.81	30.66	1
	65.01	37.15	15.55	1
	62.98	85.30	35.85	1
	29.30	32.16	82.01	1
	61.94	86.45	39.33	1
	55.00	96.54	55.11	1
	35.05	19.60	52.96	1
	35.79	42.01	86.74	1
	352.79	55.23	89.44	1
	107.71	95.72	25.82	1
	88.80	27.37	46.00	1
	28.13	45.89	0.32	1
	77.20	26.66	51.73	1
	87.09	90.19	35.56	1
	337.59	57.58	84.11	1
	71.47	87.53	36.61	1
	27.04	56.91	7.96	1
	37.98	68.14	17.20	1
	82.04	91.02	353.72	1
	355.98	59.92	89.93	1
	67.59	86.08	33.39	1
	51.15	79.15	28.88	1
	340.49	56.87	85.40	1
	1.28	40.08	90.09	1
	111.10	107.57	14.59	1
	40.15	69.47	18.72	1
	118.76	32.09	20.42	1
	356.39	30.74	90.89	1
	334.75	28.71	9.23	1
	353.78	34.82	90.33	1
	359.54	48.25	90.05	1
	39.67	61.78	94.41	1
	13.10	20.17	77.90	1
	49.18	102.34	63.59	1
	94.39	85.97	79.13	1
	82.98	26.65	321.18	1
	86.02	74.58	83.29	1
	324.43	13.78	123.39	1
	105.77	70.77	78.33	1
	3.55	75.97	89.31	1
	40.46	108.76	70.39	1
	29.43	37.33	83.80	1
	18.02	54.68	93.66	1
	20.60	89.93	79.08	1
	18.46	60.43	5.16	1
	229.65	101.99	62.77	1
	241.86	84.82	35.14	1
	246.09	35.05	14.47	1
	272.30	89.96	48.21	1
	208.86	58.96	99.34	1
	216.53	69.40	17.78	1
	240.06	40.73	17.01	1
	242.12	38.99	16.41	1
	224.07	73.42	22.50	1
	313.89	41.83	2.82	1
	118.49	8.33	146.71	1
	274.50	85.41	81.04	1
	221.02	34.40	348.39	1
	230.20	101.72	62.53	1
	222.74	37.95	351.89	1
	264.90	67.64	4.26	1
	160.21	52.02	86.13	1
	220.79	66.50	105.78	1
	218.08	17.22	44.61	1
	180.42	40.21	90.14	1
	208.13	56.15	8.34	1
	185.07	46.96	90.24	1
	161.59	60.07	84.99	1
	188.04	30.55	89.56	1
	204.11	53.46	95.81	1
	217.50	67.20	16.59	1
	273.09	95.17	10.20	1
	294.99	72.76	74.03	1
	273.88	89.92	35.22	1
	265.08	90.21	50.69	1
	192.61	84.04	56.87	1
	216.78	66.28	15.78	1
	226.29	75.50	24.69	1
	229.71	101.25	61.42	1
	178.78	29.63	92.51	1
	222.07	44.98	359.79	1
	260.59	24.03	34.74	1
	175.50	51.20	89.78	1
	229.55	33.46	344.96	1
	230.25	97.29	55.43	1
	204.35	39.03	86.09	1
	264.72	86.30	20.53	1
	257.56	51.95	80.56	1
	192.01	41.16	88.80	1
	158.62	51.01	86.25	1
	229.70	101.18	61.95	1
	178.34	77.32	83.21	1
	238.72	30.01	67.27	1
	275.80	98.11	13.43	1
	201.91	58.52	5.65	1
	183.62	70.64	90.22	1
	223.85	104.94	65.89	1
	255.50	91.18	48.66	1
	229.60	77.83	26.99	1
	257.09	26.29	49.74	1
	202.05	50.94	3.87	1
	228.56	98.44	57.08	1
	210.18	59.47	100.21	1
	205.08	54.92	6.57	1
	179.59	29.85	358.11	1
	185.68	35.09	89.76	1
	189.21	51.96	1.03	1
	202.98	52.72	5.17	1
	255.73	27.13	53.28	1
	246.51	9.89	3.11	1
	214.63	63.69	13.85	1
	284.10	28.37	33.58	1
	207.27	32.78	83.09	1
	219.28	69.17	18.26	1
	195.62	52.12	2.59	1
	273.76	89.92	11.44	1
	176.75	83.76	28.52	1
	274.53	89.95	57.03	1
	266.40	92.58	68.64	1
	203.60	58.97	96.42	1
	157.50	29.79	96.06	1
	182.39	51.11	89.95	1
	149.85	10.48	116.33	1
	177.06	30.25	89.13	1
	279.17	23.86	325.74	1
	272.58	89.81	30.66	1
	245.01	37.15	15.55	1
	242.98	85.30	35.85	1
	209.30	32.16	82.01	1
	241.94	86.45	39.33	1
	235.00	96.54	55.11	1
	215.05	19.60	52.96	1
	215.79	42.01	86.74	1
	172.79	55.23	89.44	1
	287.71	95.72	25.82	1
	268.80	27.37	46.00	1
	208.13	45.89	0.32	1
	257.20	26.66	51.73	1
	267.09	90.19	35.56	1
	157.59	57.58	84.11	1
	251.47	87.53	36.61	1
	207.04	56.91	7.96	1
	217.98	68.14	17.20	1
	262.04	91.02	353.72	1
	175.98	59.92	89.93	1
	247.59	86.08	33.39	1
	231.15	79.15	28.88	1
	160.49	56.87	85.40	1
	181.28	40.08	90.09	1
	291.10	107.57	14.59	1
	220.15	69.47	18.72	1
	298.76	32.09	20.42	1
	176.39	30.74	90.89	1
	154.75	28.71	9.23	1
	173.78	34.82	90.33	1
	179.60	48.30	90.06	1
	219.67	61.78	94.41	1
	193.10	20.17	77.90	1
	229.18	102.34	63.59	1
	274.39	85.97	79.13	1
	262.98	26.65	321.18	1
	266.02	74.58	83.29	1
	144.43	13.78	123.39	1
	285.77	70.77	78.33	1
	183.55	75.97	89.31	1
	220.46	108.76	70.39	1
	209.43	37.33	83.80	1
	198.02	54.68	93.66	1
	200.60	89.93	79.08	1
	198.46	60.43	5.16	1
	310.35	78.01	242.77	1
	298.14	95.18	215.14	1
	293.91	144.95	194.47	1
	267.70	90.04	228.21	1
	331.14	121.04	279.34	1
	323.47	110.60	197.78	1
	299.94	139.27	197.01	1
	297.88	141.01	196.41	1
	315.93	106.58	202.50	1
	226.11	138.17	182.82	1
	61.51	171.67	326.71	1
	265.50	94.59	261.04	1
	318.98	145.60	168.39	1
	309.80	78.28	242.53	1
	317.26	142.05	171.89	1
	275.10	112.36	184.26	1
	19.79	127.98	266.13	1
	319.21	113.50	285.78	1
	321.92	162.78	224.61	1
	359.58	139.79	270.14	1
	331.87	123.85	188.34	1
	354.93	133.04	270.24	1
	18.41	119.93	264.99	1
	351.96	149.45	269.56	1
	335.89	126.54	275.81	1
	322.50	112.80	196.59	1
	266.91	84.83	190.20	1
	245.01	107.24	254.03	1
	266.12	90.08	215.22	1
	274.92	89.79	230.69	1
	347.39	95.96	236.87	1
	323.22	113.70	195.79	1
	313.71	104.50	204.69	1
	310.29	78.75	241.42	1
	1.22	150.37	272.51	1
	317.93	135.02	179.79	1
	279.41	155.97	214.74	1
	4.50	128.80	269.78	1
	310.45	146.54	164.96	1
	309.75	82.71	235.43	1
	335.65	140.97	266.09	1
	275.28	93.70	200.53	1
	282.44	128.05	260.56	1
	347.99	138.84	268.80	1
	21.38	128.99	266.25	1
	310.30	78.82	241.95	1
	1.66	102.68	263.21	1
	301.28	149.99	247.27	1
	264.20	81.89	193.43	1
	338.09	121.48	185.65	1
	356.38	109.36	270.22	1
	316.15	75.06	245.89	1
	284.50	88.82	228.66	1
	310.40	102.17	206.99	1
	282.91	153.71	229.74	1
	337.95	129.06	183.87	1
	311.44	81.56	237.08	1
	329.82	120.53	280.21	1
	334.92	125.08	186.57	1
	0.41	150.15	178.11	1
	354.32	144.91	269.76	1
	350.79	128.04	181.03	1
	337.02	127.28	185.17	1
	284.27	152.87	233.28	1
	293.49	170.11	183.11	1
	325.37	116.31	193.85	1
	255.90	151.63	213.58	1
	332.73	147.22	263.09	1
	320.72	110.83	198.26	1
	344.38	127.88	182.59	1
	266.24	90.08	191.44	1
	3.25	96.24	208.52	1
	265.47	90.05	237.03	1
	273.60	87.42	248.64	1
	336.40	121.03	276.42	1
	22.50	150.21	276.06	1
	357.61	128.89	269.95	1
	30.15	169.52	296.33	1
	2.94	149.75	269.13	1
	260.83	156.14	145.74	1
	267.42	90.19	210.66	1
	294.99	142.85	195.55	1
	297.02	94.71	215.82	1
	330.70	147.84	262.01	1
	298.06	93.55	219.33	1
	305.00	83.46	235.11	1
	324.95	160.40	232.96	1
	324.21	137.99	266.74	1
	7.21	124.77	269.44	1
	252.29	84.28	205.82	1
	271.20	152.63	226.00	1
	331.87	134.11	180.32	1
	282.80	153.34	231.73	1
	272.91	89.81	215.56	1
	22.41	122.42	264.11	1
	288.53	92.47	216.61	1
	332.96	123.09	187.96	1
	322.02	111.86	197.20	1
	277.96	88.98	173.72	1
	4.02	120.08	269.93	1
	292.41	93.92	213.39	1
	308.85	100.85	208.88	1
	19.51	123.13	265.40	1
	358.72	139.92	270.09	1
	248.90	72.43	194.59	1
	319.85	110.53	198.72	1
	241.24	147.91	200.42	1
	3.61	149.26	270.89	1
	25.25	151.29	189.23	1
	6.22	145.18	270.33	1
	0.40	131.70	270.06	1
	320.33	118.22	274.41	1
	346.90	159.83	257.90	1
	310.82	77.66	243.59	1
	265.61	94.03	259.13	1
	277.02	153.35	141.18	1
	273.98	105.42	263.29	1
	35.57	166.22	303.39	1
	254.23	109.23	258.33	1
	356.45	104.03	269.31	1
	319.54	71.24	250.39	1
	330.57	142.67	263.80	1
	341.98	125.32	273.66	1
	339.40	90.07	259.08	1
	341.54	119.57	185.16	1
	130.35	78.01	242.77	1
	118.14	95.18	215.14	1
	113.91	144.95	194.47	1
	87.70	90.04	228.21	1
	151.14	121.04	279.34	1
	143.47	110.60	197.78	1
	119.94	139.27	197.01	1
	117.88	141.01	196.41	1
	135.93	106.58	202.50	1
	46.11	138.17	182.82	1
	241.51	171.67	326.71	1
	85.50	94.59	261.04	1
	138.98	145.60	168.39	1
	129.80	78.28	242.53	1
	137.26	142.05	171.89	1
	95.10	112.36	184.26	1
	199.79	127.98	266.13	1
	139.21	113.50	285.78	1
	141.92	162.78	224.61	1
	179.58	139.79	270.14	1
	151.87	123.85	188.34	1
	174.93	133.06	270.24	1
	198.41	119.93	264.99	1
	171.96	149.45	269.56	1
	155.89	126.54	275.81	1
	142.50	112.77	196.62	1
	86.91	84.83	190.20	1
	65.01	107.24	254.03	1
	86.12	90.08	215.22	1
	94.92	89.79	230.69	1
	167.39	95.96	236.87	1
	143.22	113.72	195.78	1
	133.71	104.50	204.69	1
	130.29	78.75	241.42	1
	181.22	150.37	272.51	1
	137.93	135.02	179.79	1
	99.41	155.97	214.74	1
	184.50	128.80	269.78	1
	130.45	146.54	164.96	1
	129.75	82.71	235.43	1
	155.65	140.97	266.09	1
	95.28	93.70	200.53	1
	102.44	128.05	260.56	1
	167.99	138.84	268.80	1
	201.38	128.99	266.25	1
	130.30	78.82	241.95	1
	181.66	102.68	263.21	1
	121.28	149.99	247.27	1
	84.20	81.89	193.43	1
	158.09	121.48	185.65	1
	176.38	109.36	270.22	1
	136.15	75.06	245.89	1
	104.37	88.83	228.67	1
	130.40	102.17	206.99	1
	102.91	153.71	229.74	1
	157.95	129.06	183.87	1
	131.44	81.56	237.08	1
	149.82	120.53	280.21	1
	154.92	125.08	186.57	1
	180.41	150.15	178.11	1
	174.32	144.91	269.76	1
	170.79	128.04	181.03	1
	157.02	127.28	185.17	1
	104.27	152.87	233.28	1
	113.49	170.11	183.11	1
	145.37	116.31	193.85	1
	75.90	151.63	213.58	1
	152.73	147.22	263.09	1
	140.72	110.83	198.26	1
	164.38	127.88	182.59	1
	86.24	90.08	191.44	1
	183.25	96.24	208.52	1
	85.47	90.05	237.03	1
	93.60	87.42	248.64	1
	156.40	121.03	276.42	1
	202.50	150.21	276.06	1
	177.61	128.89	269.95	1
	210.15	169.52	296.33	1
	182.94	149.75	269.13	1
	80.83	156.14	145.74	1
	87.42	90.19	210.66	1
	114.99	142.85	195.55	1
	117.02	94.70	215.85	1
	150.70	147.84	262.01	1
	118.06	93.55	219.33	1
	125.00	83.46	235.11	1
	144.95	160.40	232.96	1
	144.21	137.99	266.74	1
	187.21	124.77	269.44	1
	72.29	84.28	205.82	1
	91.20	152.63	226.00	1
	151.87	134.11	180.32	1
	102.80	153.34	231.73	1
	92.91	89.81	215.56	1
	202.41	122.42	264.11	1
	108.53	92.47	216.61	1
	152.96	123.09	187.96	1
	142.02	111.86	197.20	1
	97.96	88.98	173.72	1
	184.02	120.08	269.93	1
	112.41	93.92	213.39	1
	128.85	100.85	208.88	1
	199.51	123.13	265.40	1
	178.72	139.92	270.09	1
	68.90	72.43	194.59	1
	139.85	110.53	198.72	1
	61.24	147.91	200.42	1
	183.61	149.26	270.89	1
	205.25	151.29	189.23	1
	186.22	145.18	270.33	1
	180.40	131.70	270.06	1
	140.33	118.22	274.41	1
	166.90	159.83	257.90	1
	130.82	77.66	243.59	1
	85.61	94.03	259.13	1
	97.02	153.35	141.18	1
	93.98	105.42	263.29	1
	215.57	166.22	303.39	1
	74.23	109.23	258.33	1
	176.45	104.03	269.31	1
	139.54	71.24	250.39	1
	150.57	142.67	263.80	1
	161.98	125.32	273.66	1
	159.40	90.07	259.08	1
	161.54	119.57	185.16	1
