This file is created for TexTools software, Resmat Corp 
ODF file name: solodf.HODF 

B	500	0 
	42.69	95.70	59.28	1
	74.97	79.85	35.37	1
	78.82	42.51	1.54	1
	92.95	89.67	50.64	1
	6.24	60.86	120.51	1
	4.96	69.16	23.55	1
	50.14	43.90	359.83	1
	113.17	40.11	3.16	1
	38.89	74.21	28.05	1
	100.18	31.43	24.11	1
	44.22	14.76	47.73	1
	94.10	72.63	78.21	1
	31.26	34.20	352.11	1
	46.95	94.83	58.58	1
	40.05	40.21	355.20	1
	75.66	71.02	19.81	1
	347.62	51.79	95.91	1
	56.67	93.78	57.98	1
	350.65	25.73	99.80	1
	356.56	37.55	90.48	1
	19.61	48.45	12.61	1
	3.94	49.92	88.02	1
	355.76	74.92	103.35	1
	26.98	26.76	80.88	1
	11.84	50.84	102.67	1
	23.94	58.27	33.60	1
	89.06	96.68	4.49	1
	86.19	72.25	83.23	1
	90.09	92.32	27.65	1
	84.84	86.08	54.63	1
	24.74	92.68	48.85	1
	18.21	55.16	42.51	1
	33.03	67.66	42.23	1
	30.79	94.95	54.35	1
	5.76	27.16	90.89	1
	47.45	47.75	7.99	1
	87.78	27.24	34.49	1
	358.83	55.71	90.76	1
	44.36	35.65	349.79	1
	28.06	92.60	50.24	1
	14.86	37.64	88.20	1
	90.26	90.25	11.55	1
	99.64	72.38	66.91	1
	2.69	38.81	93.95	1
	349.39	49.72	88.63	1
	42.55	94.74	57.36	1
	356.87	90.97	80.68	1
	65.77	27.11	56.80	1
	91.65	93.94	10.40	1
	7.47	65.22	17.65	1
	358.23	72.44	90.90	1
	29.51	90.92	60.82	1
	82.17	91.35	50.54	1
	54.51	71.02	37.31	1
	63.53	25.39	57.41	1
	10.19	49.00	9.40	1
	39.25	95.06	53.21	1
	8.89	55.08	122.45	1
	9.96	51.56	13.73	1
	16.47	27.30	352.26	1
	4.18	31.27	87.24	1
	2.80	54.83	7.73	1
	10.33	50.43	11.20	1
	68.89	25.60	52.14	1
	48.37	8.50	33.27	1
	17.30	53.55	37.47	1
	102.70	31.93	19.19	1
	2.91	18.64	89.30	1
	24.76	76.96	32.55	1
	3.76	53.62	7.42	1
	86.70	87.76	11.36	1
	15.27	58.44	32.79	1
	83.00	86.09	54.28	1
	88.68	89.81	70.47	1
	24.00	71.06	82.50	1
	20.22	23.82	78.65	1
	3.22	54.02	92.54	1
	344.03	15.41	107.34	1
	16.23	29.24	84.22	1
	86.74	9.38	358.88	1
	88.09	90.40	25.09	1
	69.16	34.37	21.89	1
	75.59	89.72	37.70	1
	341.54	14.36	109.08	1
	72.63	85.94	48.60	1
	50.36	92.43	53.28	1
	50.14	13.89	41.99	1
	32.41	43.17	88.94	1
	353.06	56.83	92.62	1
	89.51	95.67	14.57	1
	88.00	27.40	47.24	1
	18.76	45.21	5.90	1
	57.07	27.43	66.36	1
	87.87	86.91	30.25	1
	355.21	74.95	96.97	1
	80.22	89.29	29.28	1
	11.16	55.74	14.52	1
	16.35	58.79	34.40	1
	86.84	96.78	358.45	1
	3.70	66.34	102.56	1
	83.90	86.84	31.66	1
	44.08	84.89	40.08	1
	346.29	61.49	86.69	1
	358.35	37.12	90.24	1
	91.39	96.61	6.53	1
	30.89	57.13	38.40	1
	73.91	72.29	28.58	1
	4.72	26.98	89.71	1
	350.81	6.42	9.05	1
	355.74	26.41	88.20	1
	3.69	50.35	90.48	1
	45.60	93.55	54.14	1
	19.08	24.19	79.16	1
	42.54	95.61	59.07	1
	92.00	78.26	78.72	1
	61.81	14.61	354.86	1
	90.09	75.81	70.52	1
	63.05	12.82	31.71	1
	88.70	72.31	78.92	1
	357.47	72.51	99.89	1
	33.81	104.93	69.46	1
	20.45	34.67	85.93	1
	4.15	60.92	108.52	1
	359.60	83.86	93.01	1
	358.74	77.99	14.12	1
	232.21	99.80	63.46	1
	255.01	85.68	24.31	1
	255.92	37.35	39.84	1
	271.24	97.42	50.64	1
	205.58	60.44	97.72	1
	208.94	70.92	17.45	1
	264.95	37.84	354.74	1
	254.59	47.47	43.78	1
	213.32	79.66	29.28	1
	272.73	33.19	34.72	1
	233.81	5.92	36.66	1
	271.89	82.97	81.95	1
	219.02	39.07	340.89	1
	234.57	115.41	53.75	1
	221.35	41.21	354.35	1
	286.76	57.86	352.96	1
	182.74	49.25	74.19	1
	242.79	65.05	90.28	1
	185.26	25.19	84.16	1
	174.00	37.51	92.08	1
	204.71	53.12	5.96	1
	191.25	47.56	80.43	1
	180.45	72.86	97.90	1
	217.08	30.02	60.27	1
	198.83	52.05	93.50	1
	214.98	68.47	17.24	1
	268.56	103.79	1.27	1
	271.56	95.99	79.91	1
	266.53	97.55	27.75	1
	266.01	88.64	54.55	1
	204.25	113.61	60.18	1
	215.18	65.87	14.52	1
	211.29	81.11	32.94	1
	213.15	105.44	44.29	1
	193.78	25.73	74.05	1
	231.39	48.35	1.86	1
	232.30	33.50	44.29	1
	182.24	55.93	83.86	1
	227.81	39.45	345.49	1
	215.20	99.98	45.24	1
	201.47	44.72	74.63	1
	264.91	93.78	14.59	1
	250.84	64.67	94.72	1
	185.79	38.86	89.32	1
	178.27	49.20	74.47	1
	231.21	84.66	71.62	1
	177.10	86.43	96.35	1
	221.46	37.59	77.60	1
	264.53	85.70	11.56	1
	200.28	65.02	8.65	1
	179.37	71.30	94.94	1
	204.93	59.28	97.40	1
	261.93	90.32	50.19	1
	227.63	79.11	25.45	1
	226.85	29.61	54.23	1
	196.88	50.11	1.35	1
	206.89	55.09	94.55	1
	206.36	59.19	98.00	1
	198.62	53.95	3.78	1
	211.23	27.29	331.07	1
	182.88	28.61	84.96	1
	187.78	55.12	1.29	1
	197.39	52.46	3.15	1
	222.46	32.93	61.24	1
	226.74	18.48	36.33	1
	212.93	61.89	12.39	1
	264.80	38.07	40.58	1
	183.41	19.17	84.88	1
	216.50	69.94	18.16	1
	189.26	54.06	1.16	1
	260.37	80.93	13.88	1
	180.36	76.36	30.65	1
	266.38	88.74	62.77	1
	275.39	84.20	72.88	1
	203.03	56.51	96.01	1
	216.84	22.42	54.71	1
	185.89	54.23	91.48	1
	222.20	17.79	49.96	1
	213.12	29.15	59.31	1
	249.80	18.40	19.33	1
	265.40	90.78	27.37	1
	249.93	37.76	49.14	1
	253.55	88.55	35.21	1
	229.58	18.05	42.06	1
	257.05	86.47	54.04	1
	232.19	93.31	55.44	1
	222.90	33.09	48.79	1
	214.14	45.69	86.38	1
	176.65	54.96	89.51	1
	254.94	83.37	16.60	1
	268.00	32.53	51.27	1
	202.06	49.05	2.25	1
	243.34	39.40	43.04	1
	269.28	87.77	29.12	1
	178.17	74.30	95.46	1
	259.52	89.35	29.39	1
	205.63	61.22	7.82	1
	213.96	69.16	16.83	1
	258.60	81.66	10.15	1
	191.46	62.42	93.68	1
	256.73	87.83	31.40	1
	220.82	87.71	39.05	1
	174.77	62.79	81.66	1
	175.99	37.10	91.68	1
	265.56	80.65	7.48	1
	220.13	68.71	18.33	1
	265.72	49.58	35.03	1
	169.07	24.55	94.82	1
	247.59	19.49	290.84	1
	166.27	35.10	91.82	1
	183.23	50.23	91.39	1
	229.05	71.81	73.26	1
	216.96	20.81	54.93	1
	233.47	88.62	73.80	1
	269.09	89.24	79.85	1
	124.77	26.30	108.34	1
	264.77	86.50	78.36	1
	248.30	21.32	18.43	1
	269.49	82.93	79.10	1
	181.99	72.25	89.83	1
	201.83	90.47	78.23	1
	207.48	37.93	72.93	1
	198.09	57.85	93.78	1
	180.22	75.76	99.34	1
	180.93	78.68	9.28	1
	308.48	80.81	241.26	1
	285.12	101.10	216.26	1
	293.88	135.03	180.07	1
	271.17	88.25	230.48	1
	349.40	116.53	285.29	1
	353.03	100.21	201.42	1
	314.42	138.41	204.77	1
	266.90	140.72	185.09	1
	323.25	123.44	222.91	1
	236.86	139.97	183.29	1
	265.68	174.38	184.65	1
	270.70	85.25	257.52	1
	335.82	145.34	177.48	1
	306.51	79.94	242.07	1
	308.07	139.41	177.58	1
	284.19	100.06	213.11	1
	13.64	125.65	268.44	1
	300.04	83.33	238.24	1
	17.56	155.20	289.26	1
	17.72	140.93	288.57	1
	329.43	134.24	181.68	1
	356.78	128.53	267.97	1
	356.77	98.45	269.35	1
	353.55	158.37	272.10	1
	348.32	125.84	276.75	1
	325.85	127.96	201.49	1
	266.18	102.05	183.27	1
	264.90	82.80	264.84	1
	269.59	89.31	210.78	1
	277.92	91.72	234.16	1
	347.98	90.92	239.94	1
	331.60	124.75	208.01	1
	316.04	115.48	217.08	1
	309.93	80.85	238.57	1
	5.50	155.14	275.97	1
	310.46	118.37	199.03	1
	257.35	151.08	179.13	1
	3.99	124.77	275.24	1
	310.41	143.56	175.10	1
	312.99	85.72	232.15	1
	1.98	139.02	283.46	1
	270.49	102.85	198.84	1
	263.01	115.89	261.18	1
	0.91	141.51	277.31	1
	15.60	129.16	268.52	1
	311.22	87.13	242.90	1
	358.32	95.96	274.83	1
	290.60	154.95	231.13	1
	268.38	106.05	189.50	1
	352.08	108.69	182.42	1
	359.89	105.03	272.68	1
	330.85	86.99	244.48	1
	279.47	89.38	230.21	1
	307.73	122.35	222.40	1
	281.96	157.21	213.03	1
	348.10	130.81	183.55	1
	314.50	90.05	244.40	1
	339.09	124.23	283.16	1
	349.07	127.99	188.65	1
	12.82	157.10	193.81	1
	2.78	151.43	273.19	1
	354.94	124.04	180.83	1
	343.78	128.86	180.14	1
	286.20	156.35	219.43	1
	4.84	175.90	274.79	1
	320.58	128.12	196.71	1
	262.40	151.60	215.52	1
	2.10	162.46	277.93	1
	346.42	116.53	209.21	1
	353.08	125.97	180.48	1
	270.31	97.96	194.19	1
	352.65	115.22	207.77	1
	281.20	89.36	232.59	1
	267.91	96.37	251.15	1
	342.20	99.75	256.98	1
	24.42	159.73	296.87	1
	358.79	124.96	270.22	1
	28.81	162.81	301.72	1
	4.45	156.56	276.33	1
	247.04	164.51	146.95	1
	276.96	106.81	207.99	1
	288.23	138.82	178.35	1
	285.56	97.34	218.83	1
	38.94	163.27	311.12	1
	292.32	91.01	224.21	1
	302.91	85.79	232.42	1
	282.33	167.04	199.03	1
	325.40	132.85	271.42	1
	8.72	123.37	267.86	1
	275.52	104.65	196.48	1
	275.72	151.60	238.01	1
	346.97	136.54	189.87	1
	309.47	153.95	249.67	1
	269.55	96.15	209.15	1
	3.80	103.45	268.98	1
	281.87	100.97	213.70	1
	350.97	121.02	194.74	1
	339.86	116.99	200.99	1
	268.34	103.92	185.85	1
	356.70	111.58	267.25	1
	280.29	102.67	214.20	1
	307.84	115.86	223.04	1
	18.79	116.95	262.98	1
	3.71	143.18	271.38	1
	268.42	108.34	186.92	1
	322.58	131.53	217.68	1
	297.11	115.09	214.47	1
	354.88	155.29	265.62	1
	72.13	161.12	251.77	1
	19.56	150.35	283.21	1
	359.70	128.41	267.91	1
	309.47	99.56	245.44	1
	28.14	160.13	300.85	1
	310.22	81.47	242.66	1
	269.99	94.54	257.23	1
	306.22	165.69	180.07	1
	269.37	91.85	252.76	1
	300.46	168.42	217.25	1
	271.87	83.78	261.08	1
	354.25	105.90	269.46	1
	328.19	74.77	252.90	1
	342.86	145.41	267.95	1
	350.06	117.29	272.36	1
	352.41	94.06	269.96	1
	359.72	102.45	179.92	1
	128.99	81.08	241.93	1
	110.78	93.74	209.52	1
	80.35	139.26	150.26	1
	91.23	89.61	230.76	1
	156.08	119.64	275.04	1
	160.69	101.09	200.86	1
	107.04	132.84	170.66	1
	94.75	144.88	198.73	1
	135.72	105.94	203.47	1
	81.18	139.08	214.81	1
	272.00	169.68	8.51	1
	88.52	82.28	260.16	1
	139.56	139.82	155.56	1
	126.27	63.77	232.75	1
	117.87	132.49	159.28	1
	87.42	112.93	182.85	1
	190.82	132.35	270.07	1
	119.72	110.46	262.75	1
	182.27	154.58	272.49	1
	180.58	142.23	263.07	1
	153.10	131.57	180.73	1
	167.61	132.19	257.88	1
	174.61	104.56	259.14	1
	177.24	158.81	274.19	1
	159.71	128.18	271.27	1
	138.09	112.18	195.32	1
	93.60	96.99	187.77	1
	89.88	89.26	265.34	1
	90.04	89.19	210.70	1
	95.25	87.28	233.59	1
	176.11	86.64	234.19	1
	136.23	115.81	191.79	1
	133.25	103.25	206.34	1
	130.31	79.33	237.35	1
	165.94	154.78	257.01	1
	125.93	122.98	190.46	1
	103.53	153.06	198.94	1
	180.04	125.48	271.13	1
	126.64	142.25	164.23	1
	136.45	78.63	229.74	1
	160.96	136.03	254.29	1
	84.67	90.75	194.52	1
	116.82	123.51	277.18	1
	178.69	141.09	271.95	1
	193.14	132.34	267.13	1
	131.60	93.35	248.65	1
	180.10	92.39	252.90	1
	141.30	134.34	264.26	1
	85.67	90.96	188.36	1
	165.29	110.27	181.59	1
	176.97	108.16	274.53	1
	151.87	121.14	274.63	1
	99.39	89.98	229.99	1
	127.79	101.16	206.46	1
	121.08	156.70	221.92	1
	166.05	129.64	180.22	1
	150.64	122.88	274.39	1
	150.01	122.66	273.85	1
	162.85	124.54	181.57	1
	190.27	157.47	189.42	1
	176.27	151.34	267.22	1
	170.69	123.86	180.35	1
	163.00	128.43	181.10	1
	130.58	151.04	233.77	1
	208.02	169.97	297.78	1
	127.90	127.08	184.52	1
	95.23	127.10	230.82	1
	165.15	162.86	255.31	1
	137.20	110.63	196.22	1
	171.99	124.86	181.81	1
	90.03	94.51	190.91	1
	198.01	87.82	219.22	1
	93.45	85.35	241.61	1
	86.03	93.15	251.65	1
	154.27	123.57	273.01	1
	197.69	162.85	289.52	1
	177.58	123.82	269.46	1
	184.79	168.68	273.93	1
	185.45	156.80	275.81	1
	154.18	174.02	246.88	1
	102.04	92.41	210.29	1
	101.24	146.94	220.32	1
	109.57	92.93	215.17	1
	188.83	169.75	280.48	1
	112.48	92.95	220.05	1
	123.30	88.54	233.72	1
	140.40	157.63	240.07	1
	142.87	130.77	272.14	1
	183.07	125.77	269.13	1
	106.07	99.71	198.31	1
	90.57	131.37	235.45	1
	163.51	135.86	181.68	1
	142.98	163.42	243.05	1
	90.69	88.30	212.19	1
	180.06	105.59	274.81	1
	105.58	92.34	212.56	1
	163.19	117.66	184.23	1
	145.98	112.05	194.58	1
	100.05	100.59	191.59	1
	176.27	111.66	267.26	1
	107.00	92.80	211.60	1
	126.34	99.09	211.16	1
	185.31	123.58	258.32	1
	185.06	142.68	272.11	1
	85.65	90.94	185.73	1
	126.57	119.61	191.33	1
	78.34	135.92	211.95	1
	171.86	155.41	262.97	1
	234.33	170.75	234.13	1
	198.53	143.79	273.09	1
	171.10	129.31	260.69	1
	130.67	108.42	253.43	1
	186.86	163.11	274.70	1
	130.95	89.62	249.96	1
	90.63	75.56	256.68	1
	240.02	152.74	294.21	1
	90.00	85.16	254.22	1
	207.06	176.88	298.33	1
	88.09	77.64	258.61	1
	178.32	109.02	267.12	1
	158.76	97.10	261.24	1
	158.24	144.30	256.72	1
	165.62	121.26	272.70	1
	171.87	101.07	255.88	1
	171.59	99.47	189.57	1
