This file is created for TexTools software, Resmat Corp 
ODF file name: solodf.HODF 

B	500	0 
	80.37	77.80	76.89	1
	0.79	47.36	60.72	1
	23.54	49.82	10.51	1
	99.87	69.40	64.31	1
	93.16	67.65	85.22	1
	31.05	91.59	14.19	1
	27.07	50.68	5.76	1
	205.53	14.24	251.58	1
	41.38	93.52	4.13	1
	79.78	49.48	37.65	1
	279.28	11.47	170.96	1
	95.65	70.80	84.24	1
	64.14	33.24	335.15	1
	94.28	71.51	80.90	1
	45.08	41.72	351.90	1
	17.79	53.16	10.70	1
	34.53	58.06	55.39	1
	101.23	69.20	71.87	1
	322.51	21.21	124.41	1
	354.58	25.10	79.60	1
	26.60	51.00	8.91	1
	37.42	56.29	53.38	1
	51.42	85.84	85.96	1
	177.62	7.37	323.15	1
	102.47	69.27	69.07	1
	22.11	50.39	24.09	1
	48.80	98.26	2.64	1
	95.26	73.02	86.27	1
	105.34	86.72	23.07	1
	101.50	69.40	69.83	1
	357.54	85.09	20.26	1
	85.15	98.07	356.61	1
	25.74	99.09	9.67	1
	32.05	77.19	74.27	1
	19.50	16.50	65.52	1
	22.23	54.20	7.51	1
	231.18	12.40	221.75	1
	81.02	76.99	75.51	1
	52.60	39.19	343.97	1
	80.45	73.88	72.32	1
	73.47	56.64	48.63	1
	45.41	102.63	10.75	1
	102.03	48.17	72.93	1
	346.89	27.57	83.18	1
	34.41	57.62	55.91	1
	100.66	70.11	74.91	1
	357.57	77.75	22.31	1
	121.01	58.83	44.88	1
	37.39	99.48	9.53	1
	58.79	93.87	357.44	1
	56.62	83.61	83.14	1
	33.41	74.06	70.13	1
	97.70	69.28	65.01	1
	43.30	53.09	40.19	1
	249.51	11.93	202.98	1
	25.65	50.17	9.25	1
	42.67	70.82	67.90	1
	92.54	65.68	84.03	1
	24.16	54.59	15.54	1
	82.49	26.59	319.73	1
	284.64	31.85	132.61	1
	336.45	62.66	358.55	1
	25.80	53.66	11.89	1
	196.52	5.78	287.29	1
	308.04	7.50	142.32	1
	30.93	60.36	11.46	1
	148.99	19.39	356.92	1
	358.71	10.65	93.97	1
	41.11	92.85	3.92	1
	324.02	54.60	347.38	1
	35.03	99.47	10.64	1
	10.53	73.70	10.92	1
	115.42	49.57	53.19	1
	97.39	68.49	79.74	1
	88.59	72.77	70.80	1
	355.11	11.54	98.00	1
	96.10	59.74	80.09	1
	1.77	7.28	91.69	1
	17.08	14.68	65.63	1
	283.81	17.43	165.41	1
	42.14	106.22	17.00	1
	202.41	16.02	294.71	1
	25.69	51.60	51.33	1
	23.39	7.16	67.88	1
	31.28	59.73	59.10	1
	89.58	76.58	69.01	1
	196.07	12.64	311.29	1
	101.08	67.99	62.97	1
	100.22	69.24	73.39	1
	34.32	97.96	9.75	1
	110.70	51.42	54.01	1
	37.12	45.01	0.03	1
	138.92	7.31	349.22	1
	105.96	85.91	24.38	1
	55.42	84.02	83.74	1
	47.43	108.51	18.76	1
	18.14	49.69	23.14	1
	40.90	91.86	2.28	1
	83.78	99.06	0.30	1
	93.58	70.13	86.91	1
	4.88	47.77	55.02	1
	31.49	102.65	12.58	1
	320.64	65.46	78.14	1
	350.81	26.24	85.17	1
	41.15	99.41	7.20	1
	36.41	58.60	11.49	1
	80.38	51.17	40.17	1
	350.75	17.37	100.44	1
	353.38	3.92	7.67	1
	25.33	49.84	2.40	1
	100.57	48.36	75.26	1
	102.06	69.43	70.30	1
	3.95	10.67	89.04	1
	79.50	78.25	77.73	1
	90.81	74.26	84.98	1
	59.56	34.60	338.38	1
	97.05	69.49	80.27	1
	64.69	6.36	24.48	1
	92.00	73.34	86.81	1
	61.03	80.50	84.56	1
	69.86	73.38	87.10	1
	85.59	48.92	54.49	1
	80.77	77.28	76.17	1
	50.97	86.06	86.21	1
	43.83	93.07	0.27	1
	183.42	94.77	74.48	1
	254.86	80.40	23.93	1
	285.14	31.05	32.53	1
	261.11	91.76	55.77	1
	235.33	69.32	93.80	1
	174.65	75.90	37.75	1
	194.02	23.62	83.76	1
	255.91	77.87	6.58	1
	186.85	66.96	42.54	1
	254.36	80.21	21.41	1
	100.41	2.60	169.69	1
	266.97	91.74	79.42	1
	99.12	55.28	58.97	1
	181.69	97.13	80.28	1
	181.13	33.03	47.96	1
	259.52	81.65	19.99	1
	220.27	42.84	85.30	1
	195.56	95.69	57.23	1
	160.45	15.68	110.93	1
	141.24	31.78	135.78	1
	170.87	49.83	37.72	1
	214.17	39.13	89.39	1
	197.10	84.44	86.25	1
	150.29	13.67	117.23	1
	228.79	52.02	88.33	1
	186.56	64.37	47.97	1
	256.88	77.67	1.26	1
	301.05	109.23	82.89	1
	349.50	92.62	54.29	1
	264.60	92.50	61.01	1
	214.46	89.89	44.83	1
	257.45	75.63	1.08	1
	186.16	71.87	48.16	1
	181.41	93.26	76.53	1
	177.51	15.36	91.62	1
	255.27	78.47	7.50	1
	258.55	26.39	24.76	1
	90.38	72.94	106.43	1
	181.43	28.14	70.57	1
	174.73	79.42	34.82	1
	194.47	31.63	100.30	1
	283.10	76.66	7.80	1
	304.51	72.15	79.66	1
	135.01	37.36	145.19	1
	220.81	45.08	86.25	1
	180.93	94.04	74.66	1
	179.96	94.10	75.06	1
	242.25	26.55	66.64	1
	254.96	73.28	4.93	1
	218.51	85.65	348.05	1
	200.18	80.67	86.01	1
	217.37	90.90	46.67	1
	261.39	91.66	54.68	1
	253.58	81.81	17.93	1
	291.23	32.25	28.06	1
	160.31	56.25	34.48	1
	207.13	89.97	42.82	1
	234.92	67.41	91.43	1
	167.37	60.75	33.23	1
	88.25	49.48	60.87	1
	261.68	28.27	50.96	1
	200.04	62.09	14.09	1
	166.84	57.59	34.37	1
	287.16	31.29	31.11	1
	127.69	11.38	141.34	1
	255.85	86.32	353.11	1
	292.61	34.62	26.01	1
	138.55	15.19	128.93	1
	175.95	75.90	48.98	1
	161.65	65.50	30.56	1
	260.33	71.18	1.73	1
	170.96	70.74	42.03	1
	315.95	76.68	61.02	1
	258.39	98.01	75.05	1
	216.85	87.50	55.62	1
	138.18	13.40	130.49	1
	96.92	75.87	107.01	1
	206.38	7.30	62.33	1
	175.64	13.69	100.43	1
	150.46	4.83	119.53	1
	317.49	79.28	19.61	1
	294.86	35.82	24.09	1
	299.28	95.08	39.10	1
	126.64	11.24	142.56	1
	213.24	85.96	42.38	1
	216.84	90.26	46.12	1
	169.87	14.27	98.50	1
	222.42	43.29	87.45	1
	231.26	58.88	86.51	1
	252.96	77.86	10.34	1
	240.35	24.72	67.86	1
	172.78	46.81	39.06	1
	177.64	6.30	91.94	1
	337.06	93.03	41.86	1
	199.26	81.74	86.09	1
	339.60	93.55	43.78	1
	170.45	66.37	30.79	1
	175.92	72.70	45.73	1
	257.08	77.40	1.34	1
	230.84	69.53	99.04	1
	312.15	96.37	40.91	1
	244.53	83.80	32.73	1
	182.03	70.96	46.15	1
	162.92	26.03	115.26	1
	256.04	73.05	3.72	1
	254.59	73.36	4.77	1
	254.86	80.38	23.74	1
	270.49	28.96	43.84	1
	163.67	18.94	73.59	1
	193.11	25.26	82.95	1
	224.15	47.30	83.95	1
	215.54	91.61	46.45	1
	172.18	9.07	93.70	1
	181.64	94.67	73.98	1
	263.07	95.40	78.06	1
	184.61	16.86	84.79	1
	265.19	102.39	73.82	1
	107.99	6.09	163.40	1
	312.51	126.57	98.44	1
	200.54	80.26	85.98	1
	176.93	90.87	73.24	1
	193.82	24.87	85.26	1
	234.25	65.05	88.79	1
	196.44	85.33	86.29	1
	206.79	87.33	348.29	1
	356.29	106.07	261.36	1
	240.81	111.17	205.94	1
	274.30	128.89	183.98	1
	281.98	117.03	233.21	1
	2.96	103.50	258.11	1
	0.32	93.17	189.30	1
	277.00	127.55	186.18	1
	305.44	131.32	182.98	1
	296.80	129.05	221.94	1
	296.89	137.42	213.56	1
	349.04	179.86	302.49	1
	266.89	100.24	262.42	1
	1.10	150.75	179.82	1
	349.12	104.30	258.66	1
	306.68	135.96	180.92	1
	239.93	110.77	205.46	1
	0.87	127.04	268.18	1
	354.13	111.53	258.91	1
	24.28	156.10	314.98	1
	17.31	143.92	311.90	1
	359.52	126.03	179.70	1
	1.04	130.18	268.90	1
	0.81	97.18	268.76	1
	38.76	163.08	328.93	1
	3.02	121.10	265.14	1
	359.25	107.05	185.99	1
	359.16	105.96	187.36	1
	270.51	98.48	264.75	1
	285.31	86.74	203.05	1
	265.83	73.54	251.34	1
	2.08	94.62	253.70	1
	359.79	107.14	186.36	1
	319.97	79.84	194.49	1
	355.87	109.34	257.93	1
	26.85	157.77	316.95	1
	296.65	139.56	202.43	1
	306.75	130.82	184.20	1
	1.90	116.62	263.93	1
	302.48	138.63	176.93	1
	354.72	114.06	260.06	1
	0.76	136.46	281.04	1
	215.32	103.81	193.86	1
	338.74	110.29	253.34	1
	17.46	143.58	311.87	1
	0.90	126.95	268.16	1
	0.93	108.37	260.80	1
	356.91	94.41	257.87	1
	302.86	128.05	217.53	1
	358.58	103.75	190.94	1
	355.91	103.84	190.08	1
	356.91	100.60	267.51	1
	0.44	109.38	264.55	1
	285.97	116.80	235.39	1
	300.51	135.32	217.47	1
	250.52	119.48	185.84	1
	0.12	124.65	180.28	1
	1.97	114.20	265.23	1
	0.75	107.60	264.19	1
	355.80	117.91	183.04	1
	34.71	152.09	218.52	1
	22.22	154.41	313.81	1
	357.51	116.07	185.57	1
	0.14	121.47	180.46	1
	277.22	139.33	181.91	1
	41.76	161.17	329.17	1
	356.71	116.83	184.65	1
	279.54	144.95	194.96	1
	27.42	161.18	319.11	1
	358.29	96.02	188.58	1
	356.16	117.52	183.63	1
	206.76	102.32	191.47	1
	353.53	104.07	186.21	1
	300.27	115.08	242.53	1
	210.33	92.10	272.15	1
	0.99	112.93	265.16	1
	33.72	164.85	323.48	1
	1.89	116.57	263.91	1
	48.58	165.63	320.94	1
	27.71	161.29	319.22	1
	43.82	166.21	321.89	1
	280.78	89.36	199.78	1
	244.95	112.84	193.87	1
	250.22	114.35	212.07	1
	43.45	165.76	321.11	1
	282.55	117.32	232.68	1
	320.93	112.06	247.80	1
	278.98	142.01	186.66	1
	323.02	116.97	242.28	1
	1.88	116.47	263.88	1
	213.97	103.65	193.54	1
	236.38	153.36	240.09	1
	359.77	131.16	179.95	1
	357.04	175.95	311.08	1
	235.94	109.91	202.83	1
	356.52	98.90	268.02	1
	285.96	86.30	203.63	1
	358.59	109.29	187.44	1
	356.94	98.88	191.45	1
	358.74	106.37	187.31	1
	358.66	103.44	267.34	1
	239.34	110.62	204.94	1
	266.36	117.25	222.08	1
	0.86	112.56	265.11	1
	17.26	145.30	312.12	1
	358.39	104.86	188.36	1
	301.48	139.02	211.96	1
	258.08	116.11	217.18	1
	24.33	157.50	316.50	1
	302.41	162.86	121.49	1
	14.61	142.07	309.34	1
	359.90	124.58	267.69	1
	359.32	113.18	261.42	1
	42.80	164.21	331.48	1
	359.20	105.16	256.65	1
	264.65	100.71	262.73	1
	229.52	166.50	146.04	1
	345.69	104.75	255.64	1
	357.32	176.82	310.07	1
	345.27	100.97	258.99	1
	356.92	100.65	267.50	1
	1.85	97.81	256.38	1
	20.58	152.76	313.32	1
	2.70	109.30	262.79	1
	1.93	97.08	256.13	1
	357.41	97.75	179.96	1
	138.08	77.75	237.87	1
	119.92	98.95	216.24	1
	156.57	159.56	224.82	1
	81.12	91.76	235.66	1
	179.70	109.59	275.33	1
	127.92	95.44	221.98	1
	160.58	151.30	227.02	1
	118.97	162.32	199.50	1
	134.25	103.48	213.94	1
	158.27	154.06	226.37	1
	127.23	169.15	217.65	1
	93.96	99.01	258.10	1
	203.87	154.29	226.41	1
	135.92	75.77	242.81	1
	161.41	150.08	226.80	1
	136.07	98.99	216.22	1
	154.74	127.65	232.23	1
	133.70	78.32	238.78	1
	154.29	157.81	222.66	1
	162.66	145.69	227.96	1
	158.44	136.18	231.87	1
	153.53	125.61	234.33	1
	183.77	97.32	271.51	1
	164.39	159.55	233.34	1
	180.00	124.21	272.37	1
	153.86	127.18	231.43	1
	108.55	95.33	183.71	1
	126.48	121.35	274.38	1
	116.40	97.11	214.78	1
	81.64	93.30	240.97	1
	180.05	79.11	200.54	1
	214.59	97.51	140.48	1
	128.92	99.95	212.90	1
	137.11	81.85	235.00	1
	154.13	157.17	224.01	1
	143.34	85.37	175.06	1
	106.92	168.80	195.60	1
	176.69	116.32	275.12	1
	201.79	151.77	231.95	1
	130.77	86.46	230.08	1
	158.74	134.19	231.77	1
	85.73	77.35	179.91	1
	121.14	136.83	266.82	1
	162.33	142.78	228.56	1
	158.54	131.34	234.23	1
	137.65	79.48	235.85	1
	181.78	91.49	277.76	1
	162.77	145.16	227.82	1
	82.88	43.49	180.54	1
	177.36	99.96	174.71	1
	179.21	100.71	272.19	1
	130.32	86.53	229.64	1
	81.66	91.57	235.04	1
	109.23	95.80	214.68	1
	119.12	166.21	204.70	1
	179.25	127.28	225.53	1
	129.58	87.37	228.86	1
	177.13	113.35	275.85	1
	181.05	120.88	226.99	1
	205.89	161.25	229.38	1
	158.36	153.85	226.34	1
	178.99	116.12	178.64	1
	195.27	123.74	222.61	1
	139.45	162.18	213.15	1
	100.85	165.90	189.23	1
	160.77	136.69	230.38	1
	152.97	160.88	221.45	1
	152.05	163.79	220.18	1
	123.66	93.90	213.81	1
	205.61	120.55	218.29	1
	87.36	72.76	180.58	1
	120.89	93.14	214.86	1
	124.30	80.11	234.42	1
	83.09	95.79	255.10	1
	126.64	88.53	225.86	1
	149.87	160.27	221.39	1
	177.35	117.23	276.09	1
	123.62	162.86	202.26	1
	156.38	158.41	224.38	1
	105.10	164.56	192.44	1
	111.49	96.00	214.97	1
	155.21	160.24	223.40	1
	120.29	95.28	214.34	1
	132.59	168.11	212.92	1
	128.78	88.69	227.20	1
	134.70	82.79	233.09	1
	153.04	157.90	222.73	1
	178.93	131.57	270.73	1
	207.17	121.70	216.29	1
	125.37	90.27	184.51	1
	63.16	148.40	258.66	1
	203.37	135.75	221.16	1
	147.30	163.65	218.97	1
	116.53	97.30	214.96	1
	179.27	99.47	271.86	1
	116.96	94.96	213.76	1
	108.70	96.17	213.07	1
	120.07	91.14	214.53	1
	101.24	104.38	180.62	1
	179.20	103.93	272.50	1
	116.44	95.34	214.36	1
	125.19	97.01	213.20	1
	112.59	93.92	212.86	1
	162.62	146.39	227.82	1
	85.23	99.27	187.58	1
	181.98	99.37	165.89	1
	161.55	162.65	242.81	1
	157.94	157.91	225.40	1
	263.44	157.38	264.24	1
	162.49	147.14	227.74	1
	158.23	128.80	233.63	1
	133.16	82.87	232.27	1
	151.89	161.37	220.49	1
	137.97	78.00	237.43	1
	75.76	100.51	259.13	1
	187.54	164.70	230.06	1
	88.55	100.92	253.26	1
	107.97	163.24	194.52	1
	72.44	100.37	258.90	1
	179.27	101.70	272.34	1
	141.30	78.79	237.78	1
	161.63	149.62	227.34	1
	178.97	113.38	274.77	1
	179.07	95.96	270.89	1
	181.81	97.58	184.94	1
