This file is created for TexTools software, Resmat Corp 
ODF file name: solodf.HODF 

B	500	0 
	62.27	69.98	79.61	1
	47.15	51.33	37.29	1
	55.35	50.40	11.85	1
	60.81	67.89	62.40	1
	57.83	75.89	82.32	1
	19.75	89.47	12.20	1
	27.37	47.10	17.63	1
	152.95	13.77	333.27	1
	38.80	84.89	11.69	1
	83.90	47.84	35.22	1
	74.60	8.44	13.24	1
	91.54	73.06	84.47	1
	46.72	32.01	336.94	1
	57.30	76.03	80.09	1
	30.66	40.96	354.22	1
	51.18	43.07	32.70	1
	20.66	54.24	63.84	1
	81.78	74.10	71.68	1
	4.14	18.06	80.02	1
	353.77	29.92	97.16	1
	25.48	52.77	5.20	1
	32.68	55.18	55.59	1
	44.37	84.25	87.36	1
	72.92	29.32	31.90	1
	63.41	62.34	71.92	1
	29.02	72.16	5.76	1
	74.39	98.63	0.72	1
	92.06	72.68	86.66	1
	101.33	88.79	21.24	1
	61.83	71.68	68.82	1
	0.59	85.78	35.57	1
	72.16	88.80	357.49	1
	42.65	95.49	13.47	1
	35.51	79.07	70.03	1
	343.78	18.40	107.87	1
	37.01	50.48	25.25	1
	126.19	13.54	355.17	1
	50.93	65.93	79.59	1
	30.48	35.90	351.36	1
	35.68	70.05	72.34	1
	60.31	54.50	49.27	1
	75.64	103.99	9.35	1
	98.45	55.76	74.57	1
	2.51	32.32	93.86	1
	17.11	53.37	66.28	1
	64.93	67.55	77.85	1
	346.61	86.72	63.18	1
	86.92	52.95	46.74	1
	70.03	106.88	4.89	1
	55.53	82.08	1.76	1
	44.94	80.43	85.58	1
	33.68	74.13	69.58	1
	57.68	67.12	63.24	1
	57.94	80.41	18.39	1
	125.94	7.57	357.19	1
	30.17	54.90	0.64	1
	29.43	70.76	66.91	1
	64.76	69.76	83.38	1
	22.92	61.96	4.15	1
	50.63	18.21	328.23	1
	332.17	22.52	112.93	1
	2.26	64.17	4.64	1
	23.85	58.44	3.31	1
	108.75	15.46	21.99	1
	48.50	8.36	35.28	1
	34.33	60.15	12.48	1
	115.18	32.85	24.57	1
	5.30	11.36	84.92	1
	41.09	87.80	8.30	1
	354.24	62.38	1.53	1
	66.11	106.29	5.51	1
	0.75	75.23	15.13	1
	91.89	70.59	61.28	1
	78.65	74.86	80.04	1
	44.37	69.84	69.57	1
	356.26	11.71	96.43	1
	50.03	66.08	79.84	1
	49.97	12.10	40.57	1
	359.14	15.99	91.07	1
	58.85	9.23	29.67	1
	71.84	108.16	15.29	1
	123.03	22.97	14.90	1
	43.39	54.27	46.07	1
	15.84	7.12	75.16	1
	57.47	61.30	54.30	1
	54.85	66.82	69.03	1
	100.08	31.20	28.23	1
	56.76	62.46	63.30	1
	38.37	62.55	79.49	1
	64.20	101.53	5.86	1
	72.43	37.78	59.51	1
	17.15	46.72	357.68	1
	63.75	9.70	45.92	1
	102.24	88.12	22.48	1
	42.00	80.89	86.35	1
	66.67	110.74	17.53	1
	31.36	72.53	5.32	1
	54.52	89.46	3.07	1
	78.74	91.41	0.58	1
	52.09	79.87	83.48	1
	51.42	50.58	38.21	1
	45.37	86.53	29.46	1
	347.44	67.46	81.85	1
	331.21	33.38	116.54	1
	74.17	103.16	4.56	1
	17.00	57.03	24.32	1
	81.69	50.20	38.52	1
	3.06	17.61	82.30	1
	351.33	3.78	9.34	1
	37.42	42.58	26.58	1
	52.41	57.39	79.01	1
	64.54	65.33	72.89	1
	24.74	11.67	68.96	1
	64.79	69.35	80.43	1
	90.72	74.02	85.18	1
	45.67	26.50	351.84	1
	81.39	76.66	80.29	1
	62.40	6.14	27.78	1
	90.42	73.19	87.05	1
	44.04	80.01	85.40	1
	41.65	79.86	84.54	1
	50.10	29.47	64.19	1
	57.06	69.51	78.91	1
	42.78	84.55	87.58	1
	32.56	82.58	8.32	1
	199.43	94.44	53.00	1
	255.16	80.02	23.22	1
	273.40	28.30	31.62	1
	266.51	90.02	55.82	1
	221.79	68.70	93.48	1
	179.77	82.40	35.30	1
	194.25	27.36	69.66	1
	260.33	54.25	10.84	1
	187.55	66.52	44.63	1
	248.19	53.15	32.92	1
	270.71	3.93	5.68	1
	273.13	98.67	81.81	1
	146.27	27.13	40.94	1
	216.02	99.10	60.63	1
	172.49	32.86	45.75	1
	258.09	78.33	19.50	1
	208.28	54.51	63.91	1
	226.90	90.09	58.67	1
	202.04	17.99	69.16	1
	212.34	31.04	73.48	1
	180.81	49.26	24.70	1
	213.63	48.46	71.98	1
	198.70	83.85	86.19	1
	157.09	13.88	119.12	1
	221.28	55.56	83.23	1
	184.92	64.08	46.89	1
	257.50	72.34	3.30	1
	281.83	103.19	84.19	1
	308.73	84.14	21.22	1
	263.29	94.83	61.10	1
	215.98	89.61	45.14	1
	241.70	75.44	2.39	1
	205.39	73.27	39.35	1
	194.31	94.06	49.55	1
	175.67	16.15	102.80	1
	249.16	79.80	8.65	1
	293.65	39.86	11.82	1
	170.14	63.28	105.32	1
	172.51	28.64	52.15	1
	178.25	84.70	47.24	1
	217.31	39.70	75.35	1
	294.36	71.86	6.93	1
	300.60	70.00	78.14	1
	208.22	31.02	81.74	1
	207.04	53.93	69.78	1
	212.48	91.12	57.54	1
	205.42	91.12	80.93	1
	247.46	36.30	58.16	1
	257.28	78.61	4.85	1
	214.40	84.58	350.61	1
	202.49	79.79	86.40	1
	227.32	75.39	68.37	1
	259.93	92.15	54.44	1
	258.66	78.00	17.94	1
	290.98	28.43	24.92	1
	167.61	54.66	27.00	1
	227.75	71.99	64.79	1
	225.64	66.70	91.14	1
	167.11	61.81	31.57	1
	122.71	25.16	59.59	1
	240.57	29.42	51.81	1
	182.93	64.16	4.89	1
	170.36	57.39	28.57	1
	282.84	29.27	29.93	1
	135.60	10.21	133.67	1
	213.04	60.44	12.14	1
	286.73	36.28	26.51	1
	157.56	12.23	108.30	1
	180.84	75.81	48.32	1
	157.75	66.02	28.20	1
	279.83	63.39	2.19	1
	177.46	73.45	34.63	1
	295.96	78.68	62.32	1
	268.36	102.25	76.17	1
	225.25	67.84	72.19	1
	152.34	12.19	121.43	1
	174.08	62.35	105.27	1
	200.36	8.16	67.84	1
	151.67	17.26	120.31	1
	247.00	12.31	19.66	1
	280.78	81.87	18.63	1
	287.02	37.37	24.40	1
	296.77	86.28	30.91	1
	134.55	10.03	134.89	1
	232.06	85.37	42.77	1
	216.55	86.27	53.14	1
	229.27	23.93	44.37	1
	227.85	51.37	76.75	1
	208.00	64.73	77.21	1
	254.77	75.60	10.98	1
	242.29	24.04	68.44	1
	163.88	46.79	39.27	1
	175.69	7.12	100.50	1
	314.86	84.45	23.64	1
	200.68	80.94	86.38	1
	297.11	82.66	21.71	1
	171.41	69.92	32.35	1
	178.07	72.28	40.66	1
	256.67	79.23	1.64	1
	210.88	75.84	89.92	1
	310.47	84.98	26.11	1
	237.18	82.98	32.99	1
	190.48	71.34	42.32	1
	212.63	30.26	73.06	1
	257.73	78.60	3.47	1
	239.65	77.02	5.28	1
	244.30	62.55	32.83	1
	238.00	24.69	48.23	1
	101.80	21.64	83.34	1
	208.90	30.52	68.39	1
	210.00	59.96	64.28	1
	234.97	79.18	62.47	1
	148.12	11.65	125.54	1
	204.10	93.82	57.02	1
	277.55	99.81	80.89	1
	171.40	15.84	75.67	1
	253.10	100.35	74.68	1
	103.21	8.82	167.90	1
	275.53	106.37	81.19	1
	202.72	79.38	86.33	1
	193.16	89.18	68.24	1
	195.16	25.03	83.44	1
	222.10	65.43	86.90	1
	196.97	84.77	86.24	1
	206.73	86.68	352.57	1
	327.15	105.62	256.32	1
	248.45	113.36	204.64	1
	287.29	134.69	193.74	1
	266.08	113.11	232.99	1
	355.65	104.44	261.48	1
	357.39	91.52	188.74	1
	295.00	140.67	200.19	1
	274.77	124.97	182.03	1
	308.89	106.11	208.23	1
	299.92	131.37	212.56	1
	79.70	179.23	20.81	1
	264.99	101.01	263.00	1
	332.87	148.56	159.70	1
	308.83	105.70	258.93	1
	304.42	134.56	179.37	1
	245.69	113.17	203.92	1
	5.18	127.09	267.99	1
	314.96	109.59	251.93	1
	19.34	159.05	294.00	1
	15.65	145.96	297.05	1
	345.68	126.21	180.72	1
	4.47	130.24	268.04	1
	356.66	97.56	268.51	1
	38.33	163.28	326.73	1
	0.89	121.24	265.69	1
	343.15	106.26	188.44	1
	321.19	104.35	186.78	1
	266.38	102.46	265.35	1
	281.87	88.64	201.14	1
	257.09	88.57	242.96	1
	356.34	93.02	255.82	1
	352.08	106.84	189.62	1
	310.98	86.64	199.45	1
	312.02	108.24	253.77	1
	35.70	156.90	316.95	1
	299.61	129.80	204.49	1
	279.85	136.51	183.30	1
	2.99	116.78	264.97	1
	299.16	136.71	175.08	1
	319.18	110.90	249.08	1
	8.94	136.76	268.84	1
	246.59	109.09	190.20	1
	304.54	110.67	252.78	1
	12.05	144.78	302.74	1
	5.71	126.99	268.06	1
	328.51	107.21	254.41	1
	357.22	92.32	253.86	1
	303.51	127.59	218.59	1
	308.52	99.64	186.01	1
	357.85	103.14	192.47	1
	0.96	101.06	267.74	1
	342.64	108.94	254.77	1
	273.67	114.53	234.97	1
	296.83	121.43	211.15	1
	275.98	126.98	184.36	1
	356.02	124.50	178.94	1
	325.96	111.67	249.36	1
	1.11	108.24	262.83	1
	355.65	117.67	183.63	1
	320.63	157.90	137.24	1
	17.49	155.79	303.67	1
	356.97	115.86	185.23	1
	354.46	121.19	178.97	1
	279.74	144.65	193.26	1
	48.42	162.93	320.99	1
	337.50	117.41	187.55	1
	287.84	140.78	205.10	1
	47.91	160.11	318.58	1
	351.56	94.36	189.74	1
	356.26	117.29	183.92	1
	238.65	105.88	188.87	1
	355.55	103.30	190.59	1
	289.73	114.73	242.27	1
	233.62	103.80	258.27	1
	349.81	113.47	259.35	1
	44.59	163.16	330.18	1
	2.84	116.75	264.63	1
	57.54	164.38	326.78	1
	29.12	160.95	318.94	1
	60.93	163.53	330.22	1
	278.46	90.51	198.09	1
	282.13	122.64	190.02	1
	255.78	115.84	211.50	1
	64.77	161.61	331.93	1
	282.43	117.27	232.63	1
	307.19	112.07	247.73	1
	283.35	139.76	196.45	1
	320.06	116.67	241.56	1
	3.13	116.64	264.90	1
	245.40	109.13	189.70	1
	246.39	147.26	245.96	1
	346.20	131.06	178.32	1
	352.22	175.86	297.79	1
	247.30	113.10	200.98	1
	1.17	99.31	268.18	1
	283.40	87.97	201.54	1
	356.91	108.71	186.00	1
	359.03	97.68	194.51	1
	328.06	106.02	188.50	1
	0.56	103.71	267.66	1
	248.28	113.24	203.39	1
	285.76	115.21	221.19	1
	3.04	113.01	264.04	1
	13.50	146.81	300.71	1
	311.48	101.07	185.17	1
	302.45	124.53	205.30	1
	262.89	117.63	216.88	1
	20.07	159.24	303.05	1
	302.02	169.44	118.43	1
	24.34	145.44	278.50	1
	0.69	124.69	267.63	1
	320.52	110.44	249.95	1
	49.44	163.10	333.95	1
	331.16	105.11	256.77	1
	269.39	97.92	263.47	1
	285.19	144.95	170.65	1
	296.22	107.18	259.28	1
	49.18	175.51	343.15	1
	294.71	106.77	265.06	1
	1.05	101.11	267.74	1
	345.80	97.13	258.59	1
	17.86	153.99	304.28	1
	357.03	109.93	261.37	1
	359.38	95.75	254.33	1
	2.81	97.67	184.70	1
	119.06	79.95	239.60	1
	108.76	89.65	203.53	1
	154.63	160.68	233.62	1
	85.32	90.47	235.67	1
	175.91	110.19	276.57	1
	154.32	94.70	219.17	1
	161.20	151.90	231.38	1
	117.75	163.12	203.16	1
	122.45	112.34	213.86	1
	150.95	156.83	242.75	1
	103.85	158.46	195.79	1
	95.97	103.21	261.83	1
	207.58	152.85	232.13	1
	120.82	77.30	244.00	1
	164.47	149.55	223.48	1
	86.45	91.58	205.91	1
	148.37	123.48	226.39	1
	106.72	88.54	241.98	1
	156.45	158.16	226.46	1
	164.21	145.88	229.35	1
	172.53	133.12	221.20	1
	151.75	124.18	231.71	1
	178.97	97.69	271.35	1
	146.07	159.85	234.47	1
	176.80	124.29	272.15	1
	141.49	121.75	226.96	1
	104.07	82.34	180.57	1
	90.70	108.45	263.88	1
	125.96	89.40	200.82	1
	80.50	91.52	241.81	1
	186.99	84.19	228.84	1
	167.27	98.47	169.92	1
	123.54	101.72	212.85	1
	125.13	82.10	234.87	1
	162.72	158.82	236.77	1
	106.24	108.37	195.42	1
	102.37	163.60	190.99	1
	178.43	116.62	276.68	1
	180.35	152.23	225.80	1
	116.70	85.85	229.25	1
	161.01	133.68	230.23	1
	114.81	71.98	185.30	1
	125.46	136.99	266.95	1
	164.97	143.07	230.46	1
	164.37	126.62	224.50	1
	115.58	82.79	237.84	1
	180.04	91.32	269.38	1
	167.59	147.04	243.17	1
	104.45	78.45	183.06	1
	181.45	100.14	176.18	1
	183.10	101.20	272.30	1
	122.55	89.56	231.34	1
	87.14	90.02	235.08	1
	150.90	96.42	199.38	1
	120.60	167.22	208.22	1
	178.61	126.91	211.13	1
	114.58	88.95	229.08	1
	178.26	113.83	277.16	1
	179.02	120.30	224.19	1
	215.40	160.44	232.57	1
	159.59	154.42	230.65	1
	176.06	115.74	181.80	1
	181.48	123.29	220.41	1
	124.43	161.19	212.98	1
	102.74	163.47	188.41	1
	152.41	126.45	207.98	1
	138.46	161.61	227.28	1
	147.83	164.39	223.99	1
	136.33	103.31	218.56	1
	181.35	117.93	226.43	1
	107.39	69.69	182.52	1
	141.31	103.24	220.50	1
	96.89	87.82	236.27	1
	80.73	101.48	256.44	1
	144.35	103.71	237.21	1
	127.54	161.47	226.13	1
	176.12	117.36	275.14	1
	130.14	166.40	213.85	1
	150.51	159.61	233.07	1
	105.48	160.94	189.84	1
	135.95	91.63	198.36	1
	147.90	160.69	227.90	1
	124.71	90.87	208.95	1
	126.00	167.04	210.03	1
	103.39	87.72	225.43	1
	108.63	85.76	233.80	1
	150.07	157.83	224.98	1
	170.09	131.45	269.29	1
	183.58	118.38	226.43	1
	138.46	89.69	187.91	1
	65.20	155.94	244.61	1
	187.95	134.87	223.59	1
	133.92	163.95	219.96	1
	122.92	89.40	201.38	1
	184.93	99.83	267.99	1
	138.88	93.04	205.61	1
	157.95	112.84	220.84	1
	144.05	107.35	221.98	1
	102.95	92.34	179.65	1
	181.74	104.32	273.04	1
	134.54	90.91	204.18	1
	125.85	96.65	212.79	1
	159.40	112.71	228.04	1
	164.28	146.70	229.99	1
	89.44	105.59	184.37	1
	136.33	109.74	190.20	1
	89.28	150.94	215.31	1
	153.28	157.67	226.37	1
	262.38	159.03	263.70	1
	163.09	147.18	228.19	1
	159.69	121.49	223.95	1
	116.79	93.70	236.80	1
	127.12	158.06	214.19	1
	119.30	80.87	239.61	1
	74.34	100.91	259.83	1
	182.20	164.70	227.23	1
	76.61	99.34	254.95	1
	107.48	163.07	195.68	1
	71.29	101.35	259.46	1
	186.07	101.73	265.60	1
	133.81	79.95	238.62	1
	163.16	150.92	236.93	1
	176.72	113.79	275.99	1
	183.99	96.17	268.91	1
	180.78	97.55	184.32	1
