This file is created for TexTools software, Resmat Corp 
ODF file name: solodf.HODF 

B	500	0 
	79.42	77.82	76.77	1
	34.46	51.29	37.43	1
	44.33	49.91	12.37	1
	63.78	63.06	65.41	1
	77.87	69.70	85.23	1
	24.61	89.20	13.82	1
	21.40	49.03	11.31	1
	184.94	12.28	296.95	1
	45.57	90.39	6.92	1
	81.04	48.44	36.11	1
	39.91	2.42	50.33	1
	93.63	71.78	84.39	1
	57.80	33.00	335.39	1
	73.73	75.02	81.00	1
	38.48	42.31	351.17	1
	42.58	50.11	24.40	1
	29.19	55.96	59.41	1
	89.06	76.55	71.72	1
	3.86	17.52	87.51	1
	323.24	33.69	116.54	1
	29.08	51.91	7.16	1
	36.22	55.99	54.07	1
	50.12	85.42	86.28	1
	99.81	25.79	31.11	1
	86.03	71.58	69.10	1
	52.07	70.19	6.98	1
	70.55	97.37	2.21	1
	89.60	74.64	86.58	1
	103.32	87.95	21.71	1
	71.36	67.98	70.96	1
	358.75	85.46	22.38	1
	70.37	94.26	355.67	1
	40.07	98.57	10.38	1
	34.49	78.81	70.60	1
	315.45	22.62	128.09	1
	17.39	50.68	23.49	1
	161.76	7.90	313.54	1
	76.96	73.81	76.05	1
	41.64	38.56	344.96	1
	45.51	70.33	71.89	1
	69.46	55.58	48.69	1
	65.40	103.68	9.92	1
	93.57	49.06	73.30	1
	335.03	35.03	113.46	1
	27.45	55.39	60.37	1
	79.61	75.31	75.32	1
	342.03	80.94	48.43	1
	94.98	59.81	46.95	1
	60.50	101.63	7.25	1
	64.82	93.76	355.80	1
	55.01	82.75	83.65	1
	32.88	74.12	69.74	1
	60.46	63.05	66.03	1
	55.78	79.42	19.46	1
	139.31	5.17	334.63	1
	33.87	51.56	7.04	1
	32.63	69.24	69.80	1
	88.27	67.46	84.09	1
	35.22	60.71	6.47	1
	70.98	21.15	322.89	1
	343.79	20.00	98.89	1
	359.92	64.07	3.01	1
	32.91	56.80	6.67	1
	164.03	5.59	328.27	1
	57.49	9.47	29.93	1
	31.71	58.72	14.91	1
	118.70	31.52	23.29	1
	19.88	11.70	69.32	1
	45.28	91.49	5.14	1
	345.71	62.28	1.37	1
	56.68	101.83	7.91	1
	1.06	74.59	14.52	1
	104.85	69.05	61.34	1
	97.59	69.97	79.84	1
	52.06	68.13	71.15	1
	9.82	11.63	82.86	1
	77.61	65.22	80.24	1
	27.39	8.49	64.77	1
	337.11	17.40	113.94	1
	50.85	7.21	39.04	1
	59.32	107.14	16.22	1
	179.08	13.85	325.68	1
	37.24	53.87	46.62	1
	50.48	10.71	39.93	1
	49.90	62.29	53.39	1
	66.82	64.31	70.63	1
	113.63	26.54	24.98	1
	64.86	61.03	64.28	1
	68.12	68.27	75.41	1
	54.54	100.64	6.42	1
	85.96	50.21	55.95	1
	33.20	47.32	355.77	1
	71.58	20.57	22.64	1
	104.82	87.02	22.89	1
	53.26	83.09	84.36	1
	59.29	108.30	18.88	1
	53.91	68.98	8.04	1
	50.86	94.02	359.83	1
	77.80	99.04	359.46	1
	58.96	79.90	83.38	1
	41.00	52.28	36.25	1
	43.44	98.63	17.07	1
	332.34	66.60	80.40	1
	337.42	27.69	95.91	1
	64.25	101.21	5.62	1
	18.93	60.74	8.79	1
	78.57	50.36	39.17	1
	20.44	18.71	65.92	1
	30.94	4.55	328.82	1
	21.53	45.34	19.78	1
	88.28	63.21	76.54	1
	84.54	73.67	70.44	1
	15.59	11.22	76.27	1
	80.20	78.10	77.70	1
	93.25	72.49	85.08	1
	52.40	32.31	341.27	1
	94.82	71.65	80.42	1
	13.69	2.84	76.57	1
	93.72	71.89	86.95	1
	55.17	82.39	83.41	1
	54.66	81.62	83.05	1
	61.47	31.66	61.62	1
	74.25	73.53	76.98	1
	49.19	85.59	86.59	1
	56.81	89.45	1.99	1
	189.46	94.45	62.02	1
	254.75	80.33	23.39	1
	282.62	31.33	32.57	1
	263.19	91.06	55.76	1
	229.59	68.32	94.20	1
	177.89	80.05	36.15	1
	213.60	27.50	66.88	1
	260.69	73.27	8.32	1
	179.14	66.29	49.25	1
	246.39	64.47	28.70	1
	271.67	4.56	0.82	1
	269.69	98.76	81.54	1
	133.20	30.15	48.84	1
	206.54	99.73	59.99	1
	174.81	33.05	48.55	1
	261.98	81.04	19.47	1
	216.10	49.74	73.68	1
	212.46	94.95	52.94	1
	196.97	15.98	80.87	1
	194.93	26.17	95.48	1
	169.58	49.91	36.80	1
	221.01	45.24	78.11	1
	197.35	84.05	86.16	1
	149.45	14.58	123.86	1
	225.07	54.08	85.52	1
	184.11	64.20	47.39	1
	257.24	72.74	2.95	1
	266.80	89.30	83.25	1
	331.47	90.23	31.57	1
	260.99	94.00	61.08	1
	216.42	89.40	45.45	1
	253.33	75.47	1.58	1
	176.61	72.44	44.82	1
	186.17	93.01	65.10	1
	159.92	16.92	114.46	1
	252.65	78.73	8.56	1
	287.52	40.86	12.57	1
	141.50	62.35	100.46	1
	177.05	28.74	55.67	1
	178.36	84.06	34.83	1
	213.24	35.15	85.72	1
	282.05	76.39	8.15	1
	303.40	72.30	79.78	1
	194.95	28.09	96.46	1
	218.96	51.56	75.69	1
	197.84	95.10	51.01	1
	199.18	92.61	77.81	1
	247.09	31.67	61.70	1
	255.98	79.06	4.26	1
	216.95	85.55	349.01	1
	200.66	80.22	85.86	1
	222.90	83.92	60.65	1
	260.91	91.83	54.55	1
	256.31	78.80	18.24	1
	292.25	31.44	27.36	1
	160.22	56.04	33.22	1
	231.38	74.98	62.35	1
	232.02	67.20	90.99	1
	166.47	61.53	32.41	1
	116.50	26.56	61.58	1
	258.30	32.91	49.37	1
	183.76	64.11	4.95	1
	165.92	57.99	33.56	1
	286.45	31.24	31.00	1
	161.37	7.51	106.98	1
	219.16	62.76	8.54	1
	290.40	35.77	26.47	1
	162.06	12.30	106.95	1
	176.11	75.99	48.45	1
	158.35	66.40	30.25	1
	267.72	68.60	1.82	1
	175.87	72.29	36.64	1
	306.57	77.15	61.50	1
	258.10	102.47	75.33	1
	230.73	69.74	70.46	1
	151.99	11.98	119.51	1
	160.46	60.93	99.41	1
	165.87	7.49	104.65	1
	163.38	15.62	107.76	1
	134.73	6.36	134.74	1
	301.90	77.81	17.26	1
	292.52	36.17	23.98	1
	312.93	93.04	36.67	1
	161.18	7.25	107.33	1
	223.38	85.59	42.61	1
	211.32	90.76	45.30	1
	173.57	14.90	104.77	1
	227.89	47.13	82.14	1
	220.16	62.66	80.98	1
	254.34	81.99	9.22	1
	240.34	24.14	68.45	1
	166.83	47.13	41.04	1
	132.01	10.15	141.33	1
	336.74	93.55	39.01	1
	199.71	81.29	86.00	1
	322.81	86.50	26.65	1
	170.64	68.77	32.17	1
	181.64	72.37	47.30	1
	256.41	79.60	1.28	1
	223.97	69.63	98.72	1
	327.46	94.97	38.96	1
	238.72	83.25	32.87	1
	184.32	71.22	39.83	1
	194.04	25.34	96.14	1
	256.90	78.92	3.00	1
	250.70	76.34	4.74	1
	239.56	77.17	25.31	1
	263.51	31.23	43.63	1
	115.10	20.74	82.42	1
	203.94	25.59	85.73	1
	217.21	57.30	68.72	1
	207.66	89.65	50.64	1
	139.88	12.62	131.49	1
	192.07	95.16	59.78	1
	263.87	94.89	80.17	1
	164.26	17.16	99.26	1
	256.31	98.47	75.01	1
	259.85	10.19	10.05	1
	306.25	112.67	85.26	1
	201.04	79.80	85.83	1
	183.23	90.23	59.70	1
	195.36	25.14	82.68	1
	229.97	64.78	88.18	1
	196.71	84.95	86.26	1
	209.13	88.65	348.81	1
	341.96	105.55	256.03	1
	243.60	112.06	205.27	1
	280.28	122.71	187.42	1
	275.25	116.01	233.04	1
	3.23	103.96	260.68	1
	0.26	91.97	191.85	1
	287.41	134.47	194.00	1
	281.29	126.06	180.48	1
	301.03	114.74	214.16	1
	298.83	130.52	210.96	1
	42.47	179.80	350.82	1
	269.42	97.81	262.92	1
	2.73	150.67	180.07	1
	325.13	104.66	257.81	1
	304.44	134.67	179.52	1
	241.76	111.68	204.72	1
	2.92	127.07	268.27	1
	324.36	109.38	251.69	1
	24.13	156.42	311.72	1
	15.24	144.46	308.51	1
	353.02	125.97	179.22	1
	3.06	130.18	269.09	1
	356.35	97.45	268.48	1
	39.24	162.85	329.18	1
	3.40	121.14	265.64	1
	356.12	106.75	191.06	1
	341.11	105.46	188.29	1
	270.80	97.35	265.23	1
	283.37	87.94	201.67	1
	239.53	73.81	249.35	1
	1.20	93.58	257.31	1
	356.98	106.84	187.18	1
	317.15	85.55	199.99	1
	324.87	108.00	253.43	1
	23.70	158.17	313.62	1
	303.59	139.90	210.74	1
	302.40	132.10	185.13	1
	2.52	116.78	263.73	1
	299.88	137.10	175.45	1
	325.33	111.30	249.67	1
	4.91	136.45	271.70	1
	236.09	104.87	192.89	1
	315.66	109.66	251.87	1
	15.51	143.62	311.50	1
	3.15	126.97	268.25	1
	343.88	107.58	255.03	1
	3.56	93.25	254.24	1
	306.60	129.27	219.53	1
	329.97	104.01	190.20	1
	358.17	103.38	193.15	1
	0.84	100.91	267.76	1
	357.14	109.60	257.71	1
	280.58	116.15	235.21	1
	298.57	134.02	218.13	1
	274.71	127.61	182.32	1
	359.01	124.56	179.57	1
	336.72	112.49	250.97	1
	0.20	108.06	260.81	1
	355.92	117.74	183.45	1
	356.46	161.26	164.68	1
	21.83	154.56	312.46	1
	356.88	115.87	183.91	1
	358.38	121.29	179.41	1
	288.31	144.38	190.69	1
	44.09	162.81	321.73	1
	349.98	116.89	185.67	1
	289.04	122.88	193.37	1
	36.75	161.36	314.78	1
	359.95	94.98	195.61	1
	356.29	117.36	183.87	1
	230.35	103.34	190.62	1
	355.78	103.60	190.31	1
	295.00	114.83	242.31	1
	213.45	92.48	270.93	1
	3.60	113.20	264.64	1
	20.80	166.73	308.88	1
	2.51	116.73	263.70	1
	48.18	167.58	316.31	1
	26.03	161.14	318.45	1
	57.45	163.80	329.21	1
	279.05	90.19	198.61	1
	280.06	137.85	191.33	1
	252.07	114.95	211.78	1
	56.39	164.71	325.51	1
	282.46	117.32	232.65	1
	311.96	111.93	247.60	1
	279.29	144.94	194.70	1
	320.54	116.69	241.69	1
	2.56	116.64	263.68	1
	235.13	104.71	192.58	1
	241.59	150.85	242.89	1
	355.11	131.12	178.95	1
	357.19	175.93	307.52	1
	241.16	110.55	202.30	1
	0.86	99.18	268.22	1
	284.19	87.46	202.18	1
	355.92	108.93	186.53	1
	359.34	98.03	193.78	1
	346.41	106.32	189.71	1
	358.62	103.64	267.33	1
	242.82	111.56	204.22	1
	272.53	118.37	222.05	1
	2.91	112.87	264.03	1
	15.73	145.54	310.47	1
	332.82	104.65	188.70	1
	301.75	136.02	212.28	1
	259.77	116.57	217.06	1
	21.34	157.98	312.36	1
	69.80	163.87	244.27	1
	17.08	145.21	279.55	1
	0.27	124.66	267.70	1
	327.96	110.87	250.63	1
	31.00	166.68	318.06	1
	345.17	105.12	257.19	1
	267.25	100.13	263.21	1
	250.60	156.34	163.08	1
	311.58	106.28	258.30	1
	350.20	176.71	295.29	1
	313.26	102.63	261.79	1
	0.87	100.96	267.75	1
	356.38	96.84	254.98	1
	20.10	152.97	311.63	1
	1.05	109.80	261.42	1
	1.53	96.20	256.51	1
	2.31	97.72	181.81	1
	127.74	78.83	238.93	1
	134.48	91.82	206.72	1
	149.49	158.54	220.97	1
	82.79	91.20	235.63	1
	176.71	110.01	276.71	1
	144.81	94.28	220.63	1
	160.79	151.42	228.06	1
	119.89	163.80	203.93	1
	116.98	97.24	205.56	1
	159.64	155.42	236.24	1
	112.66	165.84	204.40	1
	88.44	90.56	260.14	1
	204.59	153.96	227.40	1
	128.63	76.38	243.41	1
	162.67	149.79	225.08	1
	101.78	91.25	205.74	1
	151.48	129.16	237.44	1
	114.59	78.40	238.70	1
	157.36	158.08	225.21	1
	163.11	145.63	227.77	1
	165.39	133.33	223.10	1
	151.28	126.14	235.90	1
	179.15	97.57	271.34	1
	146.78	157.76	224.17	1
	178.70	124.28	272.35	1
	151.99	129.78	240.76	1
	112.10	91.34	183.61	1
	117.19	107.17	264.33	1
	144.00	98.32	212.38	1
	83.52	94.89	241.00	1
	176.05	82.93	239.85	1
	182.29	98.84	166.04	1
	121.03	96.99	209.97	1
	131.56	81.02	234.02	1
	154.48	157.25	225.57	1
	125.61	95.33	191.40	1
	107.16	168.38	195.80	1
	176.19	116.48	275.32	1
	183.95	152.22	226.96	1
	125.28	84.76	228.66	1
	157.49	133.62	229.88	1
	91.52	61.31	180.85	1
	124.68	138.13	268.10	1
	163.12	142.67	228.02	1
	151.06	127.35	225.49	1
	124.98	80.10	236.40	1
	180.03	91.30	270.73	1
	164.85	145.50	230.11	1
	96.69	63.09	178.65	1
	184.59	100.17	174.42	1
	183.01	101.05	272.61	1
	123.56	85.87	229.06	1
	83.87	90.88	235.03	1
	148.52	107.93	220.65	1
	113.89	163.29	199.92	1
	180.23	127.16	224.16	1
	122.75	85.55	227.43	1
	178.79	113.70	277.16	1
	179.37	120.50	224.32	1
	214.43	160.17	234.31	1
	158.65	153.92	227.22	1
	177.66	115.70	178.17	1
	183.12	123.25	226.14	1
	131.56	162.45	215.57	1
	101.50	162.27	187.15	1
	152.90	135.89	229.17	1
	161.37	163.74	242.70	1
	137.14	161.33	209.91	1
	117.30	99.21	216.09	1
	188.19	118.42	223.04	1
	87.24	62.38	180.82	1
	119.68	99.64	217.92	1
	99.15	86.04	236.08	1
	92.15	97.33	255.79	1
	118.48	92.15	227.59	1
	136.70	160.57	224.63	1
	177.36	117.28	274.29	1
	133.51	166.91	215.51	1
	163.02	159.79	236.06	1
	113.19	168.55	199.49	1
	148.26	101.48	213.92	1
	162.49	161.55	234.97	1
	132.59	97.81	215.41	1
	128.19	167.53	211.21	1
	118.93	85.45	224.76	1
	118.90	81.80	232.17	1
	155.23	158.03	224.37	1
	176.02	131.55	270.26	1
	192.70	118.78	223.85	1
	146.63	84.74	181.06	1
	53.53	158.48	240.71	1
	192.61	134.76	224.47	1
	141.91	164.68	223.31	1
	142.57	97.44	211.45	1
	183.99	99.80	270.33	1
	139.22	101.67	217.15	1
	138.37	117.36	227.60	1
	114.61	101.09	217.94	1
	104.05	100.02	181.02	1
	181.70	104.19	273.12	1
	141.06	100.87	216.86	1
	126.16	97.66	213.59	1
	134.97	114.50	226.50	1
	163.10	146.37	227.80	1
	91.12	106.90	185.58	1
	150.04	103.10	180.79	1
	112.16	153.99	216.93	1
	164.81	158.79	233.89	1
	263.43	157.61	264.17	1
	162.65	147.10	227.66	1
	144.84	124.49	228.04	1
	114.90	83.77	232.53	1
	134.27	159.05	214.49	1
	127.25	79.17	238.56	1
	73.24	99.79	259.92	1
	186.75	164.65	230.17	1
	79.24	101.89	254.19	1
	115.62	168.06	203.14	1
	76.01	100.17	259.54	1
	181.21	101.85	267.70	1
	137.64	78.36	237.06	1
	162.27	149.91	229.48	1
	176.97	113.65	275.81	1
	183.88	96.19	270.07	1
	179.18	97.50	183.40	1
