This file is created for TexTools software, Resmat Corp 
ODF file name: solodf.HODF 

B	500	0 
	80.31	89.64	82.21	1
	71.94	60.65	27.56	1
	25.95	57.70	23.24	1
	82.06	108.67	60.78	1
	60.84	63.17	60.17	1
	37.85	52.85	14.38	1
	48.01	59.98	4.81	1
	66.08	39.52	42.25	1
	26.81	68.26	27.04	1
	65.64	56.07	35.82	1
	273.30	7.79	180.02	1
	103.88	94.65	122.56	1
	53.35	32.81	340.20	1
	56.82	96.07	97.18	1
	32.37	55.10	8.20	1
	91.71	68.14	358.97	1
	66.84	46.93	44.14	1
	109.75	56.86	70.28	1
	43.44	17.29	35.94	1
	329.28	37.11	104.21	1
	32.01	56.04	9.72	1
	31.82	55.76	62.23	1
	8.77	48.58	80.20	1
	282.49	8.60	176.41	1
	41.27	69.33	67.01	1
	32.41	56.93	18.25	1
	60.52	100.17	3.62	1
	98.19	116.59	51.61	1
	88.24	75.03	3.96	1
	69.40	96.85	79.16	1
	22.01	86.19	15.82	1
	32.37	63.47	8.63	1
	27.99	91.51	38.56	1
	63.81	75.86	78.02	1
	280.39	16.04	162.29	1
	42.08	77.68	2.77	1
	101.96	72.04	356.71	1
	37.20	65.39	52.48	1
	34.40	44.38	357.53	1
	52.55	66.48	66.28	1
	37.08	48.91	59.97	1
	86.29	79.71	1.97	1
	102.36	59.85	68.77	1
	329.24	57.43	86.38	1
	338.79	62.85	104.93	1
	90.03	82.57	82.10	1
	0.71	63.64	83.55	1
	71.27	59.55	33.18	1
	100.13	81.84	353.58	1
	34.70	51.14	5.47	1
	26.95	40.02	72.82	1
	56.08	65.17	64.87	1
	98.74	62.43	82.69	1
	12.66	93.74	37.89	1
	15.43	13.59	120.40	1
	35.37	44.70	358.60	1
	54.97	66.20	66.86	1
	59.12	62.45	57.34	1
	32.61	46.25	358.91	1
	6.78	24.71	0.36	1
	277.03	16.95	165.46	1
	359.97	47.76	0.00	1
	34.81	45.13	358.65	1
	0.15	22.91	127.33	1
	295.05	10.26	149.32	1
	36.21	66.24	14.72	1
	79.22	55.59	22.66	1
	318.26	32.77	101.86	1
	27.49	65.28	18.13	1
	359.97	47.71	360.00	1
	99.54	85.07	0.77	1
	3.59	71.99	33.51	1
	107.41	57.63	65.12	1
	86.42	98.18	60.36	1
	53.46	65.66	64.80	1
	316.32	10.50	141.31	1
	30.43	65.87	54.28	1
	316.32	32.37	102.93	1
	312.66	6.03	149.11	1
	58.64	38.00	3.41	1
	64.92	57.00	35.98	1
	81.37	43.87	35.45	1
	35.14	63.43	66.53	1
	313.90	31.99	104.37	1
	43.78	68.09	64.38	1
	57.99	62.57	57.12	1
	104.05	18.44	34.26	1
	45.11	69.10	67.30	1
	24.10	65.70	53.68	1
	70.97	66.71	40.13	1
	88.07	57.14	31.93	1
	30.56	46.37	358.71	1
	335.68	56.61	112.47	1
	72.78	66.02	30.22	1
	29.48	42.83	70.82	1
	50.37	63.27	48.13	1
	32.79	46.75	358.98	1
	28.02	65.57	15.62	1
	93.66	102.89	2.21	1
	46.56	59.85	50.07	1
	65.00	57.32	35.30	1
	54.93	90.47	10.58	1
	20.33	33.48	82.57	1
	319.60	34.79	100.30	1
	98.50	86.29	359.84	1
	34.79	62.02	26.23	1
	20.12	66.67	63.62	1
	267.38	19.39	176.02	1
	45.15	16.63	325.95	1
	35.26	67.56	4.34	1
	28.52	67.59	59.67	1
	58.42	62.48	56.98	1
	270.49	3.56	194.64	1
	86.90	81.72	81.40	1
	97.37	101.83	98.05	1
	40.76	39.23	350.72	1
	53.55	85.42	86.50	1
	89.31	8.56	0.70	1
	104.22	96.38	93.23	1
	34.38	41.51	67.35	1
	59.96	64.67	64.90	1
	330.74	43.11	93.51	1
	48.27	66.30	62.70	1
	20.28	44.04	76.14	1
	359.20	59.49	0.01	1
	182.88	34.62	38.70	1
	267.80	82.27	359.82	1
	210.32	50.21	90.47	1
	244.00	103.36	74.12	1
	223.99	72.19	110.80	1
	183.10	87.82	24.49	1
	208.77	55.85	89.47	1
	279.17	55.77	9.65	1
	176.39	33.66	46.45	1
	260.67	27.27	51.62	1
	226.55	34.02	74.61	1
	280.22	85.53	82.40	1
	132.35	51.26	23.88	1
	213.05	68.07	34.40	1
	180.43	35.20	45.62	1
	271.36	81.89	6.89	1
	178.67	34.08	44.39	1
	249.11	95.20	52.71	1
	284.18	15.78	346.42	1
	213.25	36.06	84.22	1
	166.67	40.97	43.70	1
	227.29	70.54	106.98	1
	174.52	67.96	100.31	1
	274.46	27.78	41.20	1
	225.51	73.48	112.20	1
	177.13	35.14	45.42	1
	271.40	81.23	5.83	1
	264.82	71.73	87.60	1
	310.11	99.11	3.57	1
	241.62	121.91	97.89	1
	189.36	42.53	38.24	1
	249.16	96.47	56.37	1
	176.94	33.02	44.33	1
	178.15	32.94	42.98	1
	228.96	31.51	73.79	1
	180.97	33.63	46.16	1
	291.32	29.91	27.73	1
	119.34	43.69	130.32	1
	180.67	35.30	45.34	1
	176.63	32.51	45.49	1
	217.47	58.08	97.75	1
	308.60	98.05	4.44	1
	265.20	52.87	72.38	1
	222.47	31.46	75.72	1
	179.19	34.27	43.75	1
	183.48	34.32	38.12	1
	178.90	77.96	99.61	1
	241.29	28.42	64.43	1
	267.04	82.24	3.06	1
	188.90	90.38	357.21	1
	167.95	48.36	100.80	1
	192.62	41.78	33.86	1
	242.03	120.59	96.03	1
	279.17	81.54	9.73	1
	305.78	39.59	356.73	1
	159.34	47.09	39.35	1
	177.66	32.59	44.24	1
	224.58	73.06	111.92	1
	165.15	42.41	42.78	1
	247.52	12.33	314.28	1
	280.76	28.31	36.18	1
	145.77	59.85	28.48	1
	160.37	46.28	40.03	1
	287.25	29.10	32.58	1
	342.71	5.90	288.15	1
	165.88	34.15	45.75	1
	276.20	27.72	40.71	1
	262.24	19.96	13.03	1
	174.44	64.51	29.02	1
	150.43	55.47	32.27	1
	311.91	99.83	1.70	1
	170.13	39.22	44.50	1
	272.13	89.80	41.79	1
	266.86	74.10	82.36	1
	191.51	40.18	34.42	1
	229.22	31.16	73.52	1
	102.65	43.75	140.50	1
	100.37	8.65	169.15	1
	233.11	29.79	70.43	1
	56.79	1.16	213.09	1
	265.15	82.89	0.78	1
	272.25	27.67	42.92	1
	287.35	90.83	22.40	1
	253.35	2.93	4.40	1
	255.38	93.53	49.13	1
	180.43	33.52	40.59	1
	271.73	27.62	43.02	1
	228.23	76.52	116.30	1
	190.16	39.54	35.93	1
	274.98	87.40	10.43	1
	267.01	27.29	47.04	1
	164.25	43.06	42.37	1
	287.74	12.64	9.27	1
	312.71	100.40	1.42	1
	172.20	49.76	99.54	1
	292.83	92.15	16.59	1
	171.77	37.68	45.03	1
	177.87	34.32	43.57	1
	261.04	85.43	0.40	1
	169.28	49.10	100.40	1
	283.22	90.37	22.67	1
	215.84	71.70	35.16	1
	203.85	65.59	43.73	1
	221.10	31.75	76.72	1
	267.02	80.35	2.51	1
	266.17	81.62	359.39	1
	239.71	28.42	66.07	1
	229.07	31.42	73.74	1
	197.42	8.76	344.43	1
	216.59	58.20	97.34	1
	219.88	66.35	104.11	1
	193.51	39.92	31.84	1
	229.17	31.21	73.60	1
	186.01	35.65	36.29	1
	261.52	76.01	84.84	1
	187.53	38.51	44.21	1
	266.36	73.62	85.45	1
	224.80	34.50	72.46	1
	262.53	86.76	95.96	1
	167.40	47.96	101.01	1
	182.36	35.34	40.76	1
	239.60	28.74	65.55	1
	184.32	76.68	60.21	1
	176.79	89.39	95.80	1
	192.93	90.29	358.79	1
	333.73	96.66	266.51	1
	238.25	107.74	199.18	1
	296.42	143.87	211.36	1
	243.15	110.93	203.80	1
	337.45	76.34	276.04	1
	335.48	70.96	200.85	1
	251.99	114.66	205.69	1
	269.90	114.50	185.35	1
	293.90	125.31	213.45	1
	249.74	113.37	208.73	1
	350.52	177.51	299.96	1
	267.14	108.41	267.70	1
	322.77	155.44	171.92	1
	326.15	103.46	259.61	1
	272.83	154.04	175.29	1
	239.16	108.43	199.93	1
	8.13	93.98	254.72	1
	333.24	99.23	264.87	1
	269.59	155.31	173.04	1
	358.85	94.29	260.66	1
	349.02	106.24	181.25	1
	359.65	113.72	260.58	1
	357.01	67.28	277.90	1
	350.42	177.37	299.84	1
	337.37	86.47	271.61	1
	337.13	85.42	190.15	1
	286.62	80.51	171.54	1
	261.41	113.82	301.31	1
	278.03	83.92	181.10	1
	250.91	113.32	206.83	1
	0.78	35.81	222.51	1
	333.87	84.98	192.78	1
	326.58	59.52	209.15	1
	320.71	108.53	253.36	1
	136.87	175.89	56.76	1
	253.12	114.92	205.90	1
	295.65	140.04	214.67	1
	336.56	87.56	271.12	1
	271.99	154.29	172.78	1
	297.67	118.02	230.60	1
	0.02	114.02	260.75	1
	271.53	82.54	178.49	1
	328.83	97.56	265.53	1
	358.54	98.60	260.68	1
	16.37	96.52	262.09	1
	333.56	93.60	268.19	1
	1.74	78.15	275.00	1
	260.34	116.99	217.37	1
	277.30	82.64	174.21	1
	331.88	62.91	208.85	1
	338.90	79.97	274.38	1
	334.93	85.19	272.37	1
	253.39	114.65	211.76	1
	293.40	124.22	215.81	1
	182.45	162.80	110.96	1
	340.32	94.51	184.00	1
	343.82	110.31	258.74	1
	338.96	79.06	274.75	1
	337.95	90.14	186.98	1
	326.30	150.39	151.68	1
	63.68	158.95	325.80	1
	341.77	86.89	186.38	1
	339.50	88.86	186.84	1
	295.16	141.90	214.35	1
	278.58	167.73	187.30	1
	337.15	85.47	189.99	1
	240.83	109.28	201.57	1
	92.22	154.71	356.41	1
	331.42	58.70	211.57	1
	339.22	88.64	186.93	1
	272.57	78.90	179.84	1
	17.58	73.45	222.38	1
	294.67	114.85	243.83	1
	258.92	103.70	265.67	1
	335.85	85.02	272.39	1
	351.75	175.96	299.21	1
	334.88	88.33	270.79	1
	103.10	179.04	356.98	1
	352.15	175.40	298.94	1
	282.88	166.47	187.64	1
	272.80	85.53	179.29	1
	293.51	140.77	212.03	1
	238.61	108.05	199.73	1
	251.70	177.98	141.83	1
	288.79	116.15	239.52	1
	326.77	104.61	258.86	1
	269.87	118.17	202.84	1
	315.71	121.81	229.59	1
	359.60	113.68	260.56	1
	273.83	80.72	181.68	1
	274.93	157.52	270.41	1
	353.99	136.50	178.14	1
	196.20	163.59	113.22	1
	268.53	111.68	180.75	1
	349.06	98.49	261.63	1
	321.93	60.39	210.72	1
	347.59	95.40	190.29	1
	333.24	66.85	204.42	1
	266.11	79.64	182.30	1
	348.37	75.75	274.87	1
	256.57	106.11	194.63	1
	257.97	116.63	215.41	1
	359.56	113.65	260.54	1
	356.27	168.18	295.48	1
	277.61	84.00	182.25	1
	296.70	125.14	214.00	1
	275.21	117.47	229.15	1
	46.91	158.93	307.31	1
	85.15	157.82	261.78	1
	11.57	93.10	259.45	1
	359.70	113.76	260.61	1
	338.83	103.18	263.07	1
	351.57	176.18	299.31	1
	331.18	91.74	269.14	1
	279.75	77.31	262.50	1
	271.12	154.82	173.60	1
	284.09	79.91	262.26	1
	176.78	169.68	115.81	1
	279.51	78.68	262.12	1
	341.89	80.68	273.79	1
	318.79	79.35	277.59	1
	355.48	170.38	296.47	1
	340.41	80.46	274.03	1
	357.47	66.63	277.47	1
	337.92	90.06	186.98	1
	117.89	88.58	223.45	1
	108.62	90.95	203.13	1
	89.67	156.09	182.91	1
	64.41	112.09	263.58	1
	176.36	85.65	283.77	1
	164.36	86.31	215.14	1
	159.23	165.51	228.65	1
	90.56	156.79	182.41	1
	121.29	96.47	205.81	1
	125.86	136.40	227.95	1
	110.58	167.78	223.89	1
	86.88	74.75	263.23	1
	203.78	174.86	241.39	1
	111.86	89.97	216.78	1
	168.80	149.43	232.60	1
	36.10	131.33	174.23	1
	157.83	133.79	232.04	1
	104.57	87.90	225.40	1
	189.00	176.58	240.55	1
	190.39	177.74	240.16	1
	199.03	85.20	225.92	1
	176.00	159.22	234.75	1
	159.57	93.13	277.13	1
	175.99	163.19	249.82	1
	191.20	177.10	240.79	1
	172.09	82.29	245.90	1
	114.18	92.41	196.92	1
	93.11	77.83	282.14	1
	135.84	101.89	179.16	1
	62.63	103.38	253.02	1
	168.53	41.08	266.01	1
	176.47	92.85	156.93	1
	122.32	97.26	207.14	1
	136.33	76.82	241.89	1
	187.95	175.38	241.08	1
	151.96	149.97	240.37	1
	89.60	156.90	180.76	1
	196.22	98.04	273.20	1
	192.21	165.82	235.51	1
	137.09	75.94	242.96	1
	190.60	177.65	240.31	1
	129.59	98.49	184.02	1
	103.97	155.65	200.95	1
	189.45	176.81	240.51	1
	181.96	168.31	233.77	1
	120.61	86.30	226.59	1
	160.26	93.86	278.83	1
	156.04	156.61	247.78	1
	131.00	99.47	182.56	1
	171.09	101.53	152.44	1
	158.97	93.46	278.93	1
	137.10	74.69	244.79	1
	67.37	98.15	250.16	1
	145.84	86.23	173.31	1
	168.69	163.24	247.74	1
	174.98	104.61	208.50	1
	134.22	78.81	239.43	1
	180.16	90.80	277.92	1
	164.00	86.93	215.48	1
	165.58	154.43	138.68	1
	187.97	175.33	241.10	1
	175.99	103.30	199.60	1
	167.79	99.29	207.44	1
	103.16	161.44	186.81	1
	189.24	177.07	240.28	1
	132.68	85.09	234.11	1
	93.99	158.60	181.87	1
	188.37	176.01	240.78	1
	168.02	58.18	257.09	1
	176.12	94.75	192.74	1
	107.70	90.98	200.96	1
	162.53	80.51	240.67	1
	92.81	99.61	267.29	1
	101.32	98.83	274.64	1
	137.03	75.17	244.21	1
	103.11	158.52	193.13	1
	178.71	92.04	287.44	1
	187.37	174.81	241.34	1
	139.94	156.75	235.39	1
	187.81	175.38	241.06	1
	138.71	103.33	176.90	1
	89.25	155.99	182.59	1
	131.69	99.66	183.16	1
	187.39	174.87	241.31	1
	82.76	90.42	237.61	1
	110.90	89.73	219.33	1
	141.21	167.46	226.92	1
	185.75	171.43	242.89	1
	160.64	138.32	227.57	1
	115.56	92.82	195.76	1
	14.97	149.91	203.79	1
	180.99	112.32	214.39	1
	144.59	157.23	236.31	1
	133.01	100.50	181.24	1
	159.43	93.18	278.21	1
	149.85	102.22	168.59	1
	162.54	82.49	240.82	1
	166.48	80.28	241.02	1
	148.37	98.95	168.79	1
	175.21	94.56	288.76	1
	89.48	90.35	216.97	1
	153.55	112.46	171.66	1
	192.54	167.69	236.25	1
	189.84	177.27	240.31	1
	127.73	97.62	185.30	1
	166.24	114.46	161.95	1
	87.17	154.04	184.60	1
	188.13	175.61	240.97	1
	103.77	157.76	98.36	1
	192.78	178.97	240.29	1
	192.13	177.51	240.65	1
	117.46	85.09	230.03	1
	76.18	165.21	169.15	1
	118.47	87.35	225.13	1
	111.32	104.23	268.38	1
	195.23	179.47	241.06	1
	150.12	118.79	270.67	1
	97.51	158.61	186.14	1
	109.60	101.44	264.70	1
	170.15	89.96	292.55	1
	139.81	69.23	251.96	1
	156.01	156.31	246.17	1
	134.79	101.88	230.17	1
	185.81	95.90	276.24	1
	168.66	96.49	206.45	1
