This file is created for TexTools software, Resmat Corp 
ODF file name: solodf.HODF 

B	500	0 
	57.90	75.01	77.26	1
	71.76	55.76	30.33	1
	59.97	30.86	21.63	1
	87.30	85.15	74.51	1
	50.38	68.76	71.17	1
	26.11	78.08	9.47	1
	24.66	62.69	28.31	1
	63.57	31.90	27.34	1
	44.72	77.07	9.28	1
	63.82	59.89	36.67	1
	52.99	4.25	37.09	1
	91.81	99.27	94.69	1
	33.09	36.63	350.76	1
	61.62	84.54	85.41	1
	23.86	52.84	3.74	1
	100.93	64.20	3.56	1
	54.14	43.56	46.14	1
	79.47	69.07	74.87	1
	24.69	22.94	62.12	1
	3.93	24.81	95.07	1
	28.83	53.18	3.66	1
	35.82	58.05	50.57	1
	359.05	73.93	84.62	1
	267.18	6.93	187.05	1
	48.78	61.74	56.58	1
	30.72	74.11	4.72	1
	88.86	100.10	15.71	1
	87.31	104.17	72.29	1
	92.28	78.05	14.44	1
	72.05	82.18	70.53	1
	3.59	101.24	29.71	1
	42.97	50.49	10.02	1
	59.09	69.24	13.83	1
	42.42	77.34	79.55	1
	0.54	3.75	89.32	1
	21.48	75.47	34.00	1
	89.87	33.59	3.84	1
	42.58	45.61	61.49	1
	20.93	47.35	0.15	1
	40.86	68.08	70.30	1
	35.11	60.48	44.76	1
	98.15	86.46	358.38	1
	107.23	58.65	70.78	1
	1.21	33.51	99.79	1
	19.67	30.35	79.77	1
	57.23	72.10	74.29	1
	3.92	77.94	80.68	1
	71.82	44.34	41.66	1
	95.40	86.87	358.91	1
	16.42	64.08	359.53	1
	359.25	67.45	83.93	1
	44.84	69.52	70.99	1
	83.90	71.08	73.33	1
	47.94	59.38	28.17	1
	75.15	26.60	35.03	1
	25.21	48.97	357.68	1
	43.44	70.54	70.96	1
	53.98	66.24	68.30	1
	14.30	53.41	358.81	1
	342.07	16.92	13.32	1
	310.51	10.63	142.57	1
	0.44	55.13	0.02	1
	21.34	51.05	0.04	1
	100.37	16.44	28.93	1
	10.43	20.85	76.96	1
	35.95	61.57	12.13	1
	72.81	58.48	29.65	1
	341.04	29.13	101.79	1
	48.01	65.35	2.35	1
	0.34	54.98	359.97	1
	97.83	81.66	1.68	1
	4.83	69.52	32.11	1
	106.39	61.73	69.89	1
	91.77	100.48	72.27	1
	45.82	68.10	68.17	1
	283.38	1.50	168.06	1
	43.84	49.34	62.35	1
	340.40	27.65	102.33	1
	346.95	4.13	104.97	1
	62.05	14.15	15.00	1
	83.87	78.96	25.94	1
	57.33	36.01	35.00	1
	50.53	62.87	48.23	1
	340.75	27.04	102.47	1
	57.11	63.19	55.19	1
	56.02	65.97	66.19	1
	64.57	26.63	41.30	1
	48.40	64.41	59.14	1
	42.29	46.28	60.30	1
	84.42	87.39	21.76	1
	57.09	33.18	72.10	1
	13.09	49.41	359.23	1
	8.64	20.82	108.46	1
	86.23	80.75	21.34	1
	358.17	69.25	83.32	1
	89.69	80.67	26.84	1
	12.54	56.76	359.03	1
	49.91	60.16	3.52	1
	88.13	99.63	14.99	1
	11.52	61.66	81.45	1
	75.81	67.86	29.43	1
	45.96	80.80	38.30	1
	357.84	59.62	80.05	1
	346.61	26.69	102.18	1
	92.86	86.66	3.39	1
	31.75	75.30	15.43	1
	62.56	60.17	39.22	1
	316.43	9.81	135.36	1
	300.92	9.38	49.73	1
	37.78	46.56	23.09	1
	57.46	49.18	49.45	1
	55.83	65.98	66.59	1
	251.65	2.94	199.11	1
	59.58	75.74	77.92	1
	88.91	97.37	91.20	1
	32.00	38.24	2.40	1
	70.59	97.92	81.18	1
	106.42	1.83	0.01	1
	84.56	93.80	92.52	1
	0.35	66.11	82.78	1
	42.80	70.05	75.32	1
	350.46	31.14	105.82	1
	49.22	63.05	63.41	1
	4.21	73.13	83.64	1
	2.03	75.18	1.21	1
	218.16	75.63	40.61	1
	260.98	85.29	12.05	1
	197.56	34.06	61.83	1
	262.68	91.24	53.87	1
	220.11	68.20	103.38	1
	194.00	87.31	30.40	1
	191.63	29.17	56.43	1
	278.56	55.39	12.53	1
	194.91	45.51	31.63	1
	258.86	29.87	49.33	1
	193.81	19.69	82.13	1
	263.22	83.70	88.58	1
	162.48	26.05	19.58	1
	226.94	89.98	49.03	1
	171.65	28.36	49.30	1
	253.20	83.99	21.32	1
	198.15	52.99	39.12	1
	252.87	77.34	59.75	1
	239.42	17.61	41.21	1
	206.13	43.60	83.75	1
	162.52	40.16	40.51	1
	213.42	59.84	70.04	1
	180.29	82.40	94.60	1
	244.20	22.27	51.43	1
	222.12	66.07	101.07	1
	184.31	44.75	38.47	1
	271.58	79.31	358.89	1
	268.13	74.90	82.96	1
	281.17	90.12	25.22	1
	252.69	94.35	64.67	1
	184.01	75.68	58.16	1
	242.61	91.43	34.92	1
	209.18	63.84	32.73	1
	213.25	67.91	35.35	1
	199.79	24.45	78.31	1
	190.66	30.13	37.86	1
	265.25	23.12	18.50	1
	179.32	59.58	96.90	1
	174.08	29.69	48.69	1
	207.03	57.26	33.05	1
	211.82	50.35	90.06	1
	280.44	90.16	21.85	1
	265.34	54.12	75.89	1
	208.77	41.60	83.93	1
	198.70	56.91	41.31	1
	218.43	77.07	43.69	1
	182.69	85.78	92.18	1
	227.45	34.38	77.09	1
	266.54	82.15	359.37	1
	180.67	89.30	0.10	1
	181.41	73.55	95.03	1
	208.04	77.46	45.70	1
	255.20	94.37	60.49	1
	261.76	89.17	18.83	1
	280.43	24.29	359.55	1
	162.97	47.42	33.25	1
	207.19	65.79	39.11	1
	222.02	68.17	104.06	1
	162.56	44.58	38.23	1
	229.18	15.73	324.10	1
	240.08	20.91	50.22	1
	162.02	60.59	20.59	1
	160.41	46.35	36.36	1
	283.53	26.77	19.53	1
	272.49	4.03	354.76	1
	206.20	49.42	13.42	1
	282.68	29.02	33.96	1
	236.00	13.38	44.03	1
	185.92	85.15	26.02	1
	162.80	55.82	25.25	1
	282.25	90.35	20.86	1
	166.81	45.97	38.87	1
	268.48	89.98	41.98	1
	266.40	78.43	80.98	1
	213.42	73.29	51.41	1
	202.08	26.01	77.33	1
	167.82	47.51	100.60	1
	301.57	4.89	324.79	1
	216.98	30.47	69.32	1
	284.45	1.33	333.98	1
	263.53	83.92	4.62	1
	247.03	23.54	48.54	1
	268.89	89.75	22.18	1
	273.59	7.43	354.44	1
	246.05	86.39	30.80	1
	219.40	70.89	36.22	1
	240.56	23.61	54.90	1
	228.38	65.99	101.09	1
	201.28	73.15	66.20	1
	265.10	82.85	1.20	1
	262.17	26.71	50.45	1
	159.89	43.15	40.31	1
	255.89	11.02	35.76	1
	282.51	90.23	24.60	1
	181.94	75.01	96.28	1
	272.61	88.55	13.65	1
	178.79	52.20	32.74	1
	203.97	63.65	33.22	1
	260.92	85.43	0.26	1
	180.08	74.86	93.96	1
	265.91	88.26	21.53	1
	232.05	84.42	37.39	1
	193.55	75.92	75.94	1
	208.58	40.74	80.70	1
	262.81	82.76	1.58	1
	241.65	79.92	6.09	1
	239.62	35.17	71.99	1
	199.56	26.05	78.36	1
	227.14	8.92	310.84	1
	204.30	51.31	84.96	1
	207.75	68.43	95.57	1
	229.49	74.34	56.55	1
	201.76	25.70	77.45	1
	218.72	79.84	45.34	1
	262.67	76.91	86.45	1
	185.00	28.54	50.83	1
	265.26	76.59	80.50	1
	194.31	16.80	79.38	1
	263.47	83.58	88.31	1
	182.17	73.43	95.66	1
	198.54	72.80	52.01	1
	223.30	34.91	78.03	1
	206.28	85.54	77.58	1
	183.00	87.89	93.58	1
	184.69	88.99	0.49	1
	316.16	106.88	255.21	1
	248.77	113.96	203.86	1
	288.20	142.42	214.69	1
	259.16	111.94	209.96	1
	336.04	92.65	268.73	1
	350.83	85.30	199.09	1
	277.35	120.22	199.85	1
	270.85	126.02	188.23	1
	299.15	123.86	207.46	1
	257.41	116.85	212.37	1
	358.53	170.62	294.64	1
	263.45	97.67	271.52	1
	0.75	169.03	189.80	1
	306.66	107.71	254.39	1
	275.87	153.20	166.21	1
	248.48	114.55	206.53	1
	6.32	100.91	257.00	1
	313.43	107.12	255.60	1
	282.87	157.44	169.95	1
	10.83	126.53	262.74	1
	345.76	124.37	181.00	1
	359.28	114.43	259.77	1
	339.02	87.26	271.14	1
	358.57	168.44	294.15	1
	346.63	102.51	265.12	1
	333.70	112.93	188.33	1
	273.55	81.54	178.35	1
	271.51	97.37	268.71	1
	273.48	89.84	183.30	1
	263.88	95.62	237.25	1
	9.00	62.46	227.69	1
	334.96	89.86	189.15	1
	327.98	66.95	208.83	1
	306.97	111.78	248.23	1
	83.50	173.68	342.36	1
	301.47	124.28	214.41	1
	286.64	147.33	207.00	1
	349.42	103.57	265.32	1
	281.50	151.02	165.46	1
	315.26	115.54	240.37	1
	359.34	117.41	258.19	1
	278.40	83.98	179.76	1
	308.26	106.24	258.98	1
	6.47	131.06	265.92	1
	3.65	105.77	258.68	1
	319.96	105.74	258.09	1
	353.98	90.68	262.95	1
	290.65	120.16	218.44	1
	271.39	89.76	175.64	1
	339.43	87.16	188.74	1
	341.09	95.64	267.23	1
	337.75	100.75	264.48	1
	263.46	114.98	216.20	1
	297.33	117.12	208.26	1
	216.03	170.32	135.07	1
	352.01	112.63	180.52	1
	324.43	115.04	244.33	1
	338.47	94.91	267.76	1
	348.89	108.80	181.24	1
	8.53	156.21	210.67	1
	43.07	173.51	307.88	1
	347.58	103.81	181.65	1
	348.66	107.17	181.31	1
	289.71	141.29	210.87	1
	271.80	169.57	167.02	1
	336.18	111.34	186.68	1
	252.79	115.18	203.87	1
	105.59	173.62	3.75	1
	339.07	80.54	194.28	1
	349.25	106.61	181.23	1
	272.83	88.92	183.37	1
	11.90	83.29	215.27	1
	284.78	116.21	236.50	1
	263.73	95.18	266.04	1
	341.02	100.78	264.96	1
	1.15	164.73	291.37	1
	349.94	104.49	265.06	1
	206.96	178.89	113.15	1
	1.85	162.64	290.08	1
	283.76	161.45	188.97	1
	275.30	90.12	179.18	1
	292.81	141.90	215.47	1
	251.91	112.49	203.39	1
	170.48	179.56	75.15	1
	281.27	117.39	233.03	1
	307.74	110.90	251.89	1
	304.20	136.77	206.28	1
	322.68	116.81	241.73	1
	359.59	113.78	260.54	1
	277.88	85.60	179.58	1
	277.11	143.15	259.48	1
	335.12	138.05	175.56	1
	268.65	165.37	193.52	1
	264.42	99.85	190.09	1
	352.77	92.41	262.27	1
	296.32	88.54	211.15	1
	348.15	96.32	190.03	1
	351.17	83.96	199.97	1
	286.44	86.71	180.01	1
	337.28	92.00	269.06	1
	270.69	101.29	203.82	1
	289.04	116.30	215.22	1
	359.52	113.50	260.51	1
	7.84	143.83	276.17	1
	272.59	89.03	175.74	1
	304.40	127.61	205.84	1
	272.22	118.25	226.94	1
	90.05	170.58	349.80	1
	58.19	163.63	242.63	1
	11.60	124.26	252.96	1
	359.88	114.36	260.66	1
	318.31	109.71	251.45	1
	0.82	165.36	291.82	1
	319.78	103.81	260.35	1
	279.12	77.37	261.57	1
	268.83	154.28	157.73	1
	275.16	81.42	253.51	1
	208.08	167.77	124.28	1
	278.72	84.05	264.01	1
	341.35	96.23	266.67	1
	327.54	90.04	270.07	1
	5.23	151.93	279.58	1
	340.32	96.24	267.24	1
	339.59	86.83	271.30	1
	354.86	102.06	184.61	1
	114.02	83.19	239.70	1
	92.32	96.21	209.66	1
	83.80	152.55	184.06	1
	79.80	90.54	242.39	1
	169.51	106.62	284.52	1
	166.24	97.32	207.05	1
	143.92	151.23	230.94	1
	87.78	154.76	183.89	1
	125.16	98.59	216.94	1
	109.94	133.29	217.42	1
	82.68	172.37	195.78	1
	82.73	83.86	256.49	1
	195.60	147.84	226.45	1
	106.65	85.80	234.28	1
	161.00	139.61	225.04	1
	58.97	120.60	193.76	1
	160.90	134.75	227.94	1
	114.86	89.07	246.82	1
	179.77	164.32	247.49	1
	182.62	166.47	245.43	1
	164.79	116.66	219.41	1
	162.89	138.36	234.47	1
	161.80	95.66	279.66	1
	94.81	173.27	184.66	1
	179.56	155.49	244.61	1
	168.36	79.74	231.39	1
	93.75	92.87	201.27	1
	90.88	95.79	275.77	1
	104.07	90.37	204.48	1
	83.95	89.64	248.90	1
	171.25	77.14	247.45	1
	164.05	103.51	163.12	1
	129.25	100.72	214.48	1
	127.96	79.72	239.50	1
	177.60	161.29	249.64	1
	118.24	134.26	224.02	1
	89.60	156.08	182.71	1
	181.91	115.70	276.05	1
	180.12	151.80	226.97	1
	129.51	80.30	239.35	1
	182.55	163.63	245.90	1
	100.83	90.24	204.16	1
	101.14	135.57	232.96	1
	180.47	162.66	247.52	1
	171.77	150.05	228.88	1
	116.62	82.63	242.31	1
	162.05	100.38	273.68	1
	155.56	157.44	240.85	1
	101.68	90.27	202.56	1
	167.49	116.84	178.09	1
	164.13	98.09	278.83	1
	132.24	79.56	242.99	1
	86.55	90.66	239.67	1
	142.51	105.06	173.89	1
	142.22	157.64	241.12	1
	179.05	117.28	212.21	1
	126.07	81.68	239.71	1
	170.90	106.58	284.79	1
	170.25	100.78	207.40	1
	153.38	162.13	157.11	1
	177.59	160.47	249.90	1
	181.19	111.15	192.99	1
	179.36	112.37	213.66	1
	105.03	159.69	191.43	1
	180.59	167.86	246.23	1
	148.63	115.85	211.49	1
	103.32	156.44	198.20	1
	178.74	164.06	248.42	1
	168.72	79.56	227.65	1
	182.28	108.54	193.44	1
	92.47	95.00	194.77	1
	164.18	98.40	207.70	1
	97.59	91.53	254.11	1
	87.08	99.58	262.27	1
	137.35	93.18	239.21	1
	83.98	167.31	182.25	1
	177.41	104.55	278.75	1
	176.72	161.81	250.25	1
	83.72	165.65	181.48	1
	177.52	163.11	249.24	1
	105.75	90.72	201.91	1
	84.51	153.00	184.19	1
	101.99	90.14	209.78	1
	176.64	162.23	249.93	1
	95.79	89.18	237.58	1
	109.22	85.07	237.76	1
	107.86	162.06	189.93	1
	169.37	145.55	255.31	1
	171.93	137.47	232.02	1
	94.59	92.88	201.99	1
	81.07	156.50	253.84	1
	176.56	114.69	213.81	1
	100.72	168.91	204.26	1
	102.64	90.25	204.60	1
	163.20	98.54	279.19	1
	117.41	93.51	193.16	1
	168.35	100.32	207.59	1
	161.85	101.89	209.04	1
	121.59	95.69	184.73	1
	170.18	101.96	284.35	1
	88.10	102.79	200.90	1
	124.21	98.09	203.56	1
	187.09	146.74	239.89	1
	181.45	164.97	246.42	1
	99.94	90.31	202.99	1
	137.72	108.49	191.97	1
	97.96	151.69	206.92	1
	178.00	161.94	249.25	1
	131.65	165.04	139.65	1
	186.54	169.93	241.93	1
	180.76	159.30	240.75	1
	124.57	94.60	245.73	1
	91.57	169.05	184.69	1
	115.42	82.54	242.09	1
	98.18	104.15	266.45	1
	186.60	173.78	235.09	1
	115.85	99.84	266.73	1
	89.05	159.39	188.26	1
	101.59	106.10	263.79	1
	166.83	101.90	282.68	1
	141.18	71.63	249.76	1
	160.39	152.70	252.39	1
	164.01	128.23	235.29	1
	165.24	107.09	273.97	1
	180.51	100.76	195.89	1
