This file is created for TexTools software, Resmat Corp 
ODF file name: solodf.HODF 

B	500	0 
	66.90	77.85	80.23	1
	71.23	56.31	30.00	1
	51.15	36.35	29.42	1
	82.88	91.99	79.98	1
	54.45	66.84	68.51	1
	39.07	70.71	1.60	1
	21.66	74.80	19.58	1
	59.25	33.93	33.05	1
	55.32	65.22	9.70	1
	63.89	57.25	36.98	1
	315.12	1.84	135.10	1
	92.90	96.58	103.60	1
	39.16	36.22	348.20	1
	64.12	89.77	88.06	1
	28.08	53.57	4.47	1
	95.90	69.02	2.19	1
	58.83	46.21	45.94	1
	91.81	67.36	76.12	1
	25.97	21.44	58.59	1
	349.65	28.86	103.67	1
	31.55	53.06	5.03	1
	28.53	62.03	55.86	1
	359.67	68.12	84.00	1
	305.28	6.56	153.67	1
	45.47	64.80	58.14	1
	44.79	63.54	1.72	1
	80.92	100.47	6.65	1
	86.87	109.84	60.45	1
	93.03	79.78	13.54	1
	74.14	82.15	78.35	1
	11.62	104.65	31.47	1
	33.13	53.87	15.72	1
	49.77	59.75	23.76	1
	46.91	75.19	78.64	1
	329.97	10.22	120.82	1
	23.55	87.61	30.69	1
	90.26	46.35	5.84	1
	56.91	50.16	50.30	1
	26.05	46.60	358.44	1
	45.75	68.39	69.07	1
	20.40	64.81	56.31	1
	94.36	81.87	357.87	1
	110.00	56.46	65.55	1
	347.40	46.67	102.18	1
	14.26	30.10	92.29	1
	64.74	73.27	75.02	1
	2.70	79.58	79.14	1
	77.85	42.81	38.22	1
	96.63	82.77	0.39	1
	26.20	57.59	359.35	1
	0.02	60.74	83.31	1
	48.92	68.80	69.74	1
	91.71	68.01	76.76	1
	28.47	68.47	38.13	1
	94.79	25.54	30.39	1
	30.02	47.24	358.89	1
	46.75	69.42	70.67	1
	57.62	64.62	64.63	1
	20.81	51.20	359.80	1
	2.56	18.40	352.43	1
	317.92	10.46	136.02	1
	359.91	52.17	359.99	1
	27.22	48.60	358.59	1
	23.06	9.13	109.88	1
	4.14	17.18	88.81	1
	35.75	62.33	14.25	1
	71.13	57.90	29.59	1
	325.67	35.79	105.61	1
	48.45	54.47	9.28	1
	0.17	52.05	0.00	1
	97.60	83.65	3.32	1
	4.75	73.57	26.93	1
	107.68	58.74	69.28	1
	92.38	100.13	78.16	1
	48.44	67.72	67.65	1
	346.66	8.04	103.58	1
	54.96	53.73	49.15	1
	323.83	34.75	107.32	1
	329.91	3.61	119.76	1
	70.13	23.65	7.37	1
	78.51	73.33	27.27	1
	59.40	38.85	41.83	1
	39.31	67.28	55.56	1
	322.91	33.02	108.85	1
	51.77	64.07	56.82	1
	58.36	64.43	63.33	1
	86.33	28.31	35.25	1
	45.87	66.31	61.41	1
	54.30	51.61	46.05	1
	86.25	84.88	26.73	1
	59.86	35.61	67.79	1
	18.42	48.84	359.68	1
	353.36	33.84	116.49	1
	83.82	81.34	20.27	1
	2.01	63.66	83.58	1
	85.64	75.48	31.79	1
	19.76	52.95	359.21	1
	44.77	52.54	10.63	1
	89.90	98.14	16.18	1
	29.93	52.26	72.64	1
	65.32	60.74	35.00	1
	41.87	85.69	38.89	1
	358.54	53.29	82.11	1
	333.70	31.14	106.66	1
	98.40	83.42	358.76	1
	41.60	71.41	7.76	1
	56.48	58.33	40.39	1
	306.70	13.28	136.96	1
	330.52	5.71	22.57	1
	24.30	58.92	25.06	1
	59.86	58.99	44.30	1
	58.47	64.42	63.51	1
	285.53	7.19	165.18	1
	68.65	79.49	82.29	1
	90.65	96.13	91.20	1
	32.72	41.97	358.25	1
	61.59	95.07	73.80	1
	100.22	0.50	2.16	1
	88.00	83.82	96.95	1
	0.88	60.28	83.21	1
	50.00	70.08	72.38	1
	343.60	37.68	102.87	1
	50.85	64.04	61.25	1
	1.75	65.38	82.26	1
	2.02	71.03	0.18	1
	211.09	64.01	33.66	1
	259.23	84.32	7.22	1
	198.45	42.89	75.35	1
	259.02	92.54	57.74	1
	222.30	69.16	106.21	1
	189.95	88.04	28.10	1
	192.76	37.05	64.74	1
	278.33	54.64	11.36	1
	183.48	35.86	37.72	1
	258.20	28.53	53.31	1
	198.81	24.30	79.02	1
	260.30	83.34	88.51	1
	155.96	27.47	25.18	1
	225.29	86.11	44.85	1
	174.85	31.19	48.87	1
	259.73	88.45	18.69	1
	191.88	42.91	36.82	1
	249.20	87.30	47.93	1
	260.37	14.41	10.73	1
	209.03	43.01	86.49	1
	162.12	41.55	42.11	1
	219.30	61.15	82.31	1
	177.00	79.13	98.58	1
	264.78	24.36	39.92	1
	224.21	68.99	105.68	1
	180.06	38.58	40.99	1
	266.97	83.23	0.91	1
	266.72	73.99	85.43	1
	287.35	90.86	22.01	1
	245.46	99.80	72.04	1
	184.69	71.98	55.83	1
	245.69	92.03	43.13	1
	198.36	49.47	31.73	1
	203.49	53.64	31.28	1
	217.70	31.19	70.12	1
	182.55	29.57	43.86	1
	274.97	26.49	20.89	1
	173.27	50.73	99.09	1
	176.85	32.21	47.89	1
	195.92	42.77	31.92	1
	213.95	51.68	92.59	1
	286.51	90.84	20.46	1
	258.23	53.06	82.90	1
	210.52	39.08	85.16	1
	193.98	45.64	36.75	1
	212.29	65.48	34.69	1
	178.43	90.61	94.53	1
	228.34	31.91	75.49	1
	259.71	83.28	1.24	1
	180.86	89.71	359.80	1
	181.20	68.14	95.81	1
	207.22	81.00	45.83	1
	249.10	98.10	68.91	1
	266.09	88.70	12.76	1
	293.93	27.20	353.49	1
	158.75	47.10	37.54	1
	200.30	47.63	31.96	1
	223.75	70.05	107.27	1
	161.60	44.25	40.58	1
	242.89	13.25	311.75	1
	266.50	22.53	34.05	1
	152.93	58.55	28.16	1
	158.65	46.74	38.50	1
	291.21	29.69	23.79	1
	242.19	6.65	27.12	1
	194.05	38.29	19.91	1
	280.76	28.47	36.96	1
	257.75	14.96	15.65	1
	182.47	84.14	24.78	1
	155.10	54.03	31.74	1
	288.69	91.25	18.75	1
	166.28	42.92	41.81	1
	269.58	90.11	42.36	1
	265.88	77.00	80.89	1
	208.14	69.21	41.74	1
	220.32	32.53	70.17	1
	148.17	41.57	110.49	1
	314.80	4.47	315.08	1
	226.21	34.38	72.41	1
	287.55	3.50	336.13	1
	267.17	81.17	8.50	1
	263.98	25.19	41.32	1
	273.64	89.92	24.98	1
	256.63	6.32	11.94	1
	248.78	89.52	36.31	1
	209.17	59.87	31.63	1
	259.21	24.37	44.33	1
	229.56	71.75	108.55	1
	203.69	71.36	50.84	1
	259.75	81.82	6.81	1
	264.43	27.07	48.64	1
	160.44	44.23	40.79	1
	270.12	10.28	22.06	1
	289.03	91.17	20.76	1
	181.74	69.42	96.21	1
	277.05	89.91	20.40	1
	172.43	42.53	39.15	1
	194.91	52.24	34.37	1
	264.12	81.01	354.71	1
	181.13	68.54	96.94	1
	270.44	89.61	12.83	1
	229.48	83.43	38.02	1
	197.05	81.78	75.01	1
	211.10	39.78	84.15	1
	267.31	84.72	3.38	1
	247.77	84.56	7.62	1
	234.10	32.87	75.03	1
	218.73	31.47	69.61	1
	237.65	14.86	292.12	1
	209.47	53.29	90.62	1
	213.02	64.46	99.60	1
	222.05	71.66	40.78	1
	220.28	32.40	69.85	1
	213.81	68.84	36.16	1
	262.86	75.33	86.05	1
	186.95	34.12	49.00	1
	264.88	77.43	75.61	1
	194.64	22.72	80.54	1
	262.87	84.24	85.88	1
	181.44	67.81	96.26	1
	200.51	57.22	39.38	1
	225.33	31.92	76.20	1
	201.83	89.27	66.86	1
	177.07	88.94	95.44	1
	184.82	89.52	0.41	1
	320.95	105.14	258.85	1
	244.02	113.23	205.10	1
	294.00	143.37	215.61	1
	251.76	113.57	206.96	1
	333.75	88.46	270.78	1
	345.96	85.77	195.49	1
	277.19	120.22	202.95	1
	270.56	114.85	183.27	1
	305.86	125.93	208.95	1
	254.63	115.96	213.10	1
	355.87	172.63	297.06	1
	264.78	105.66	261.30	1
	28.87	164.75	223.06	1
	311.88	106.79	256.07	1
	284.52	147.97	176.81	1
	245.54	113.00	206.37	1
	13.01	93.91	262.03	1
	318.53	106.08	256.95	1
	276.36	151.98	172.09	1
	12.05	114.94	256.47	1
	349.91	119.58	180.22	1
	359.70	113.88	260.51	1
	344.77	82.96	272.84	1
	355.77	171.62	296.76	1
	342.53	97.57	266.85	1
	338.28	102.85	185.72	1
	270.02	84.93	180.47	1
	272.50	103.45	280.58	1
	274.38	87.64	183.73	1
	262.77	98.12	229.14	1
	11.88	50.13	220.18	1
	334.88	89.06	189.47	1
	329.25	61.47	210.58	1
	310.03	110.93	250.47	1
	94.97	169.59	1.67	1
	288.71	121.80	212.94	1
	290.31	140.55	215.86	1
	344.51	98.75	266.58	1
	281.36	148.78	171.86	1
	312.87	116.88	237.44	1
	0.69	114.99	260.69	1
	267.90	78.83	181.77	1
	314.85	104.09	259.71	1
	7.10	123.54	262.45	1
	6.54	103.13	265.45	1
	326.72	103.96	259.27	1
	355.16	83.68	267.07	1
	275.38	117.90	212.79	1
	270.36	88.50	183.75	1
	340.36	80.25	196.93	1
	335.89	91.23	269.36	1
	337.09	95.83	267.19	1
	259.10	115.92	214.78	1
	299.97	122.97	211.00	1
	221.91	167.49	139.50	1
	349.85	107.28	181.06	1
	327.26	116.12	244.42	1
	334.18	90.48	269.75	1
	346.61	103.17	181.91	1
	329.19	156.47	176.63	1
	91.85	168.12	350.74	1
	343.80	98.61	182.77	1
	345.81	101.67	182.14	1
	291.57	145.25	210.75	1
	261.42	169.44	163.34	1
	339.91	101.40	184.69	1
	246.36	114.55	205.88	1
	109.08	163.48	9.36	1
	334.62	73.78	197.43	1
	345.86	101.28	182.13	1
	275.92	87.39	177.31	1
	15.51	73.10	219.19	1
	286.99	116.31	238.16	1
	266.45	97.83	274.59	1
	338.77	95.81	267.32	1
	358.05	168.26	294.70	1
	345.27	99.60	266.31	1
	36.68	179.07	300.83	1
	358.74	166.73	293.88	1
	291.22	163.60	198.99	1
	277.14	87.19	181.18	1
	295.76	142.98	214.39	1
	244.84	113.40	204.43	1
	205.41	179.64	107.27	1
	282.74	117.18	234.80	1
	312.83	108.84	253.88	1
	284.22	125.78	205.03	1
	323.12	118.05	240.00	1
	359.62	113.72	260.57	1
	277.24	83.93	184.02	1
	297.69	149.07	292.25	1
	340.07	137.23	175.59	1
	233.38	168.41	158.65	1
	263.07	105.04	188.01	1
	355.61	93.16	264.26	1
	303.04	75.03	218.34	1
	347.95	98.89	189.67	1
	347.46	80.99	198.71	1
	280.70	83.26	182.69	1
	337.11	87.70	271.03	1
	267.04	102.22	201.31	1
	275.09	117.41	211.57	1
	359.51	113.59	260.52	1
	5.29	149.31	283.20	1
	274.80	86.94	177.42	1
	304.22	128.20	205.83	1
	273.18	117.66	227.75	1
	84.87	161.58	342.96	1
	69.68	163.50	250.79	1
	14.74	112.70	256.09	1
	359.89	114.01	260.68	1
	323.19	109.70	251.22	1
	357.73	168.80	295.02	1
	326.47	101.62	261.62	1
	279.45	75.77	262.93	1
	268.87	152.78	165.69	1
	278.23	81.67	259.10	1
	187.24	162.92	110.14	1
	281.81	82.51	261.26	1
	336.32	91.89	269.01	1
	327.89	86.76	271.96	1
	3.94	156.43	287.12	1
	335.88	91.69	269.17	1
	345.29	82.68	273.04	1
	349.06	103.09	183.67	1
	112.89	84.91	233.48	1
	95.25	90.72	210.59	1
	88.87	154.94	185.92	1
	74.11	93.17	244.34	1
	176.65	100.18	281.86	1
	160.46	99.40	208.55	1
	143.24	159.28	222.93	1
	91.10	156.20	184.97	1
	121.23	96.75	215.81	1
	114.14	135.42	220.95	1
	79.04	171.66	191.90	1
	87.19	77.64	254.85	1
	198.63	153.27	229.32	1
	105.90	87.14	228.61	1
	161.50	140.16	228.21	1
	40.06	124.80	177.77	1
	158.35	133.87	228.22	1
	108.03	84.92	240.21	1
	183.11	168.95	244.46	1
	185.53	171.47	242.91	1
	168.59	101.25	223.64	1
	165.25	143.10	233.72	1
	160.90	94.49	278.44	1
	133.60	172.37	223.61	1
	183.76	165.67	241.81	1
	171.74	84.92	238.96	1
	97.92	90.39	205.59	1
	93.39	87.70	280.17	1
	110.99	91.57	199.65	1
	78.73	88.91	246.40	1
	168.40	65.70	255.24	1
	171.44	102.42	162.37	1
	125.14	98.79	214.54	1
	130.38	79.53	238.75	1
	181.27	166.13	246.14	1
	122.36	133.51	225.53	1
	90.93	156.81	183.04	1
	184.52	110.20	275.89	1
	181.72	155.06	227.92	1
	131.54	79.33	239.27	1
	185.81	170.34	243.22	1
	106.97	90.84	201.61	1
	94.02	147.07	216.38	1
	183.82	168.69	244.29	1
	171.99	154.86	228.73	1
	114.83	83.91	235.97	1
	161.94	98.55	279.07	1
	151.71	159.03	239.57	1
	108.03	91.07	200.08	1
	170.72	120.75	170.20	1
	163.42	96.26	277.26	1
	132.98	77.41	242.68	1
	82.13	90.18	240.31	1
	150.11	104.03	168.49	1
	140.09	162.12	231.65	1
	181.11	114.30	215.29	1
	127.83	80.44	238.08	1
	177.96	101.11	280.96	1
	163.88	99.56	208.13	1
	174.11	158.60	169.22	1
	181.28	165.76	246.23	1
	182.23	107.76	190.24	1
	182.33	112.55	215.28	1
	96.67	159.20	183.46	1
	183.63	170.96	243.65	1
	141.28	105.48	221.97	1
	106.63	158.49	196.48	1
	182.09	168.06	245.22	1
	164.95	78.64	242.61	1
	182.78	106.66	188.58	1
	94.30	92.05	199.26	1
	165.22	94.46	216.52	1
	94.02	95.65	260.55	1
	84.32	97.37	272.13	1
	133.91	81.44	241.15	1
	88.53	160.07	190.23	1
	176.94	93.29	279.75	1
	180.38	165.60	246.82	1
	102.93	160.57	206.76	1
	181.13	166.84	246.04	1
	113.10	92.17	197.07	1
	89.39	155.16	185.92	1
	108.02	90.78	204.52	1
	180.41	165.82	246.71	1
	92.00	89.91	236.16	1
	107.46	86.35	231.50	1
	108.81	162.88	189.73	1
	176.55	154.09	251.61	1
	166.86	138.80	226.51	1
	98.74	90.43	205.51	1
	69.27	156.17	247.54	1
	177.84	114.04	215.02	1
	113.56	163.59	218.22	1
	109.19	91.21	200.67	1
	162.74	95.57	278.78	1
	127.39	97.49	185.35	1
	161.76	99.97	208.58	1
	164.74	88.91	214.08	1
	130.76	99.87	179.42	1
	173.03	97.63	281.51	1
	85.12	102.20	204.63	1
	128.90	100.29	196.82	1
	184.72	154.83	232.32	1
	184.56	170.21	243.57	1
	105.91	90.72	201.50	1
	143.85	111.13	185.69	1
	94.53	152.90	197.07	1
	181.60	166.69	245.82	1
	122.10	166.11	124.85	1
	189.47	174.66	241.32	1
	183.58	167.55	238.66	1
	117.47	83.28	242.55	1
	93.93	170.55	179.74	1
	113.55	84.27	235.39	1
	99.37	106.25	262.02	1
	189.94	176.56	237.29	1
	121.57	99.91	267.80	1
	96.71	157.62	191.50	1
	103.17	105.73	265.38	1
	175.61	101.97	281.58	1
	140.95	69.82	250.93	1
	160.20	153.70	250.48	1
	157.28	126.66	228.66	1
	166.94	103.30	285.21	1
	178.05	101.61	204.59	1
