This file is created for TexTools software, Resmat Corp 
ODF file name: solodf.HODF 

B	500	0 
	81.69	82.56	86.66	1
	71.22	60.45	28.60	1
	42.15	47.36	20.62	1
	86.11	103.67	74.20	1
	59.28	64.23	63.41	1
	47.59	53.89	7.65	1
	37.59	71.11	3.35	1
	58.82	38.09	41.10	1
	38.73	58.06	24.11	1
	62.54	57.90	37.49	1
	276.94	3.75	171.62	1
	97.54	94.81	114.73	1
	47.89	34.26	343.55	1
	58.93	93.93	93.60	1
	31.72	54.17	6.39	1
	92.06	68.26	359.81	1
	63.71	47.26	45.35	1
	100.12	63.37	79.79	1
	32.03	21.18	49.23	1
	340.98	31.70	103.34	1
	32.42	54.18	7.85	1
	24.63	58.92	64.66	1
	0.69	58.14	83.05	1
	284.76	4.78	168.85	1
	41.10	68.01	63.90	1
	41.83	52.83	11.77	1
	67.78	99.01	2.39	1
	96.69	115.27	52.37	1
	94.52	77.11	10.06	1
	74.90	92.19	83.25	1
	18.15	96.90	23.05	1
	28.04	63.14	13.01	1
	26.29	73.27	36.52	1
	55.85	74.04	76.71	1
	292.64	10.94	149.54	1
	31.04	85.29	11.04	1
	107.99	65.46	358.67	1
	49.00	59.78	46.27	1
	31.77	45.47	358.31	1
	50.31	67.56	67.61	1
	18.12	53.75	71.19	1
	95.94	83.85	4.39	1
	105.88	58.16	66.93	1
	335.23	55.95	90.31	1
	351.29	49.64	105.34	1
	79.60	78.48	85.54	1
	0.62	70.02	83.97	1
	80.64	59.46	31.40	1
	95.62	83.13	357.85	1
	34.61	52.01	2.78	1
	9.55	47.38	79.95	1
	53.50	66.79	67.44	1
	97.05	65.81	83.88	1
	21.27	95.84	37.63	1
	88.80	13.88	47.15	1
	34.00	45.58	358.91	1
	52.10	68.18	69.04	1
	60.05	63.08	59.81	1
	29.28	47.55	358.71	1
	15.44	22.54	348.55	1
	297.53	18.11	140.28	1
	359.96	49.09	360.00	1
	32.89	46.23	358.82	1
	4.72	16.84	124.66	1
	304.75	9.31	145.79	1
	35.09	65.13	15.50	1
	76.85	55.68	25.01	1
	320.47	36.02	100.17	1
	32.34	57.20	19.63	1
	359.94	49.02	360.00	1
	94.58	82.12	3.12	1
	357.54	81.26	32.16	1
	103.13	59.11	69.86	1
	89.68	95.72	68.02	1
	51.76	66.73	66.31	1
	313.07	6.33	137.36	1
	42.50	59.62	46.10	1
	318.37	35.46	101.42	1
	293.61	8.36	162.58	1
	54.23	33.63	10.52	1
	64.41	59.95	35.92	1
	71.51	39.96	41.09	1
	30.40	65.34	66.67	1
	315.85	34.73	103.31	1
	45.66	66.64	61.11	1
	59.52	62.99	59.17	1
	106.27	25.33	28.61	1
	44.25	68.27	65.38	1
	38.98	59.20	43.35	1
	85.35	77.19	31.94	1
	83.93	44.80	43.73	1
	26.39	47.52	359.17	1
	342.18	49.59	115.22	1
	83.06	76.18	22.17	1
	9.37	51.36	80.24	1
	63.88	63.00	42.76	1
	29.11	48.59	358.38	1
	30.19	58.86	19.15	1
	91.88	106.01	3.67	1
	51.58	56.21	51.98	1
	67.45	55.98	34.14	1
	45.65	93.00	27.61	1
	12.67	38.00	80.63	1
	320.23	37.53	101.97	1
	97.90	85.30	3.06	1
	46.53	59.17	15.89	1
	31.50	65.92	50.40	1
	282.06	17.28	157.44	1
	39.68	14.29	321.99	1
	24.97	71.44	12.03	1
	39.50	63.93	49.57	1
	59.89	62.95	59.16	1
	301.81	8.50	162.17	1
	82.15	79.08	86.86	1
	96.52	99.44	90.52	1
	36.99	41.25	353.94	1
	50.76	84.63	84.11	1
	97.03	4.05	357.94	1
	99.62	87.14	94.34	1
	14.05	45.95	78.55	1
	56.09	66.72	68.68	1
	333.50	43.71	96.52	1
	49.48	65.39	61.45	1
	4.53	54.99	81.93	1
	1.26	63.95	359.99	1
	194.28	42.42	32.20	1
	260.27	83.01	3.15	1
	206.75	49.35	86.76	1
	251.03	96.33	67.61	1
	223.77	71.29	109.38	1
	184.83	88.42	25.19	1
	202.13	52.12	80.33	1
	278.10	54.40	13.52	1
	176.00	33.09	45.24	1
	259.03	27.47	53.01	1
	222.86	33.63	71.01	1
	274.96	79.30	84.70	1
	145.11	37.14	26.08	1
	219.99	77.60	38.56	1
	179.13	34.26	46.69	1
	265.26	87.68	9.38	1
	181.69	35.30	41.59	1
	248.05	92.64	49.01	1
	287.40	17.60	341.33	1
	211.72	39.89	86.41	1
	164.57	41.75	43.09	1
	225.47	66.01	100.62	1
	177.11	67.50	99.22	1
	274.41	27.62	39.60	1
	225.56	72.32	110.37	1
	176.96	35.49	44.54	1
	263.74	80.99	6.70	1
	262.22	76.30	84.74	1
	299.76	94.24	12.25	1
	244.80	113.82	87.36	1
	193.90	51.82	40.06	1
	248.24	94.64	50.04	1
	182.13	34.82	39.23	1
	185.76	36.13	36.63	1
	226.91	33.79	74.44	1
	180.29	31.85	46.64	1
	291.42	29.78	23.93	1
	145.41	41.20	112.78	1
	179.87	34.62	46.14	1
	180.05	33.09	41.42	1
	216.15	55.03	95.55	1
	298.43	93.85	12.43	1
	258.46	52.55	82.53	1
	215.34	33.31	80.73	1
	183.18	36.15	40.50	1
	195.80	42.59	31.30	1
	179.85	84.70	98.42	1
	235.42	29.04	68.59	1
	269.22	84.81	359.47	1
	188.50	89.94	0.37	1
	177.88	58.35	97.13	1
	201.75	56.93	34.60	1
	244.00	111.25	82.88	1
	274.86	84.80	6.22	1
	307.06	37.15	352.81	1
	158.56	47.40	38.83	1
	183.29	34.37	38.99	1
	224.70	72.29	110.63	1
	163.38	43.44	41.98	1
	245.35	14.07	312.66	1
	280.75	27.96	33.67	1
	148.13	58.72	29.43	1
	159.33	46.82	39.43	1
	290.25	29.69	29.38	1
	261.72	4.29	7.12	1
	166.74	31.20	43.68	1
	277.71	27.91	39.64	1
	255.61	21.96	18.64	1
	178.31	76.25	25.07	1
	151.77	54.58	32.89	1
	301.37	94.95	9.88	1
	168.25	40.49	43.77	1
	271.05	89.93	42.37	1
	266.15	75.15	81.83	1
	201.75	53.13	33.88	1
	226.83	33.56	74.99	1
	111.70	43.42	134.02	1
	52.41	3.08	218.36	1
	228.85	31.69	73.99	1
	301.98	4.33	327.98	1
	259.74	82.66	6.09	1
	272.10	27.58	41.60	1
	281.19	90.10	25.87	1
	223.52	7.19	35.28	1
	253.31	92.53	43.54	1
	190.84	39.26	33.42	1
	270.84	27.28	41.85	1
	229.15	75.62	114.50	1
	199.68	49.92	35.03	1
	268.52	81.83	8.28	1
	266.27	27.26	47.50	1
	162.53	43.97	41.64	1
	282.08	10.52	11.81	1
	302.09	95.14	10.27	1
	179.12	59.03	97.23	1
	285.56	90.70	20.83	1
	170.47	38.62	43.98	1
	182.66	36.82	39.30	1
	260.93	83.85	356.87	1
	178.13	58.84	97.18	1
	277.68	90.00	22.68	1
	222.92	78.86	37.24	1
	203.55	78.47	57.78	1
	214.58	34.03	81.61	1
	271.83	75.82	357.10	1
	259.07	82.96	1.82	1
	235.06	29.90	70.93	1
	227.08	33.79	74.54	1
	194.62	13.13	345.75	1
	214.48	55.77	94.97	1
	217.91	64.81	102.26	1
	206.57	54.40	30.42	1
	226.90	33.64	74.95	1
	198.75	46.04	30.72	1
	263.64	73.52	87.40	1
	188.19	38.15	46.03	1
	266.73	74.47	82.72	1
	213.80	29.87	70.52	1
	262.73	80.79	95.57	1
	177.74	58.10	97.28	1
	189.92	40.34	36.58	1
	233.79	29.41	69.38	1
	192.61	77.45	58.32	1
	175.40	90.39	97.06	1
	174.96	89.99	359.69	1
	330.98	101.13	263.11	1
	240.96	109.71	202.25	1
	296.62	141.68	214.83	1
	245.67	112.66	205.92	1
	338.05	81.68	273.74	1
	341.72	77.38	197.37	1
	261.27	116.86	203.74	1
	269.62	113.73	183.57	1
	300.06	126.69	209.63	1
	252.11	114.27	210.92	1
	352.35	175.92	299.24	1
	269.14	103.77	270.73	1
	3.21	153.87	208.72	1
	319.52	105.14	258.53	1
	272.75	153.98	172.67	1
	242.15	110.13	202.78	1
	14.31	95.19	262.03	1
	327.88	103.25	260.32	1
	274.99	153.13	174.80	1
	5.77	104.58	258.20	1
	351.17	111.67	180.66	1
	359.68	113.75	260.59	1
	355.01	75.71	274.67	1
	352.23	175.62	299.07	1
	335.25	90.74	269.62	1
	336.71	91.99	185.83	1
	277.49	82.51	173.31	1
	271.62	110.22	295.84	1
	273.39	84.64	180.24	1
	258.49	110.36	209.72	1
	5.09	38.98	219.89	1
	333.66	87.53	189.75	1
	328.29	59.09	210.15	1
	315.96	109.47	252.19	1
	110.62	173.27	26.20	1
	263.51	116.50	204.12	1
	296.43	144.36	213.93	1
	336.82	91.83	269.12	1
	278.71	151.31	175.10	1
	304.60	118.26	233.14	1
	0.27	114.22	260.85	1
	273.41	82.31	176.89	1
	323.73	100.60	262.39	1
	7.63	107.93	256.66	1
	15.54	98.65	260.16	1
	334.06	98.06	265.71	1
	2.26	80.40	274.26	1
	262.35	117.88	216.61	1
	275.23	85.88	177.75	1
	333.53	69.87	202.06	1
	336.92	84.83	272.40	1
	331.92	89.35	270.35	1
	255.44	115.37	213.39	1
	300.23	125.10	212.57	1
	188.37	161.38	110.00	1
	344.51	99.40	182.53	1
	334.67	115.44	249.39	1
	337.43	84.03	272.74	1
	340.99	95.41	183.76	1
	309.87	154.87	146.13	1
	77.45	159.15	334.90	1
	337.46	91.49	185.16	1
	339.88	94.12	184.18	1
	293.67	140.34	215.31	1
	275.93	173.04	190.95	1
	336.91	91.82	185.62	1
	243.20	111.25	204.51	1
	88.99	156.02	351.40	1
	332.05	62.50	209.32	1
	339.70	93.86	184.24	1
	271.67	79.34	181.12	1
	15.29	73.50	222.02	1
	291.27	115.63	241.35	1
	259.11	101.46	267.78	1
	332.57	89.24	270.38	1
	353.90	173.48	297.97	1
	337.69	92.61	268.78	1
	183.07	179.50	81.78	1
	354.40	172.61	297.54	1
	291.22	169.14	201.00	1
	271.68	81.80	176.76	1
	295.63	143.33	211.89	1
	241.07	110.21	202.68	1
	304.21	179.79	199.06	1
	286.10	116.62	237.50	1
	320.38	106.67	256.56	1
	274.26	118.04	199.88	1
	321.14	120.23	235.72	1
	359.61	113.69	260.57	1
	277.18	83.98	181.44	1
	288.53	156.06	282.51	1
	349.02	136.28	176.99	1
	217.72	168.46	138.32	1
	268.34	108.14	178.69	1
	355.61	98.93	260.57	1
	318.73	61.23	215.15	1
	347.75	99.23	189.55	1
	338.73	73.83	198.43	1
	275.70	83.79	184.68	1
	344.29	80.76	273.54	1
	262.39	101.90	198.48	1
	260.63	117.49	214.70	1
	359.54	113.64	260.54	1
	359.60	161.69	291.99	1
	278.79	85.82	178.35	1
	293.29	127.07	209.23	1
	274.39	117.49	228.54	1
	64.52	159.25	326.33	1
	86.23	159.00	260.18	1
	4.69	102.48	258.96	1
	359.76	113.82	260.63	1
	332.19	108.22	256.40	1
	353.67	173.82	298.15	1
	332.14	95.83	266.89	1
	279.95	79.07	261.30	1
	276.64	152.30	175.57	1
	278.94	84.37	263.14	1
	180.04	165.73	113.00	1
	280.62	74.55	265.39	1
	338.26	85.46	272.03	1
	325.11	81.42	275.13	1
	358.58	165.37	293.69	1
	337.53	85.27	272.16	1
	354.40	74.37	276.15	1
	341.09	95.26	183.76	1
	115.66	86.38	227.00	1
	102.33	90.07	208.16	1
	90.53	155.91	184.58	1
	64.27	102.48	252.55	1
	171.33	88.37	280.48	1
	163.89	87.83	214.94	1
	122.47	164.07	199.92	1
	88.66	155.98	181.66	1
	119.43	95.80	210.95	1
	119.70	134.54	226.03	1
	91.87	169.93	205.86	1
	84.79	78.45	260.28	1
	201.79	167.18	236.08	1
	108.94	88.08	221.85	1
	165.02	144.39	231.33	1
	34.76	128.59	173.45	1
	157.14	133.17	230.57	1
	104.21	87.09	230.18	1
	187.04	174.31	241.58	1
	188.78	176.04	240.82	1
	192.26	80.38	224.32	1
	171.17	152.21	234.08	1
	158.76	92.77	279.20	1
	164.59	165.41	244.11	1
	189.47	174.41	241.36	1
	171.19	87.79	245.79	1
	106.58	90.73	202.62	1
	93.90	79.80	285.99	1
	124.83	96.26	188.16	1
	68.94	95.43	246.76	1
	168.17	49.94	260.62	1
	176.72	97.61	157.63	1
	121.73	97.17	211.29	1
	134.06	78.41	240.00	1
	185.70	172.50	242.48	1
	131.71	140.19	230.53	1
	89.76	156.78	181.26	1
	191.23	102.85	274.50	1
	186.34	161.08	231.70	1
	134.96	77.67	240.98	1
	189.05	175.79	241.01	1
	119.18	94.05	192.45	1
	101.59	153.16	205.85	1
	187.59	174.55	241.47	1
	177.62	162.89	231.76	1
	116.96	85.35	229.38	1
	161.22	95.15	279.66	1
	151.78	157.09	245.92	1
	120.58	94.61	190.93	1
	174.35	109.53	155.20	1
	161.20	94.59	276.98	1
	135.45	75.92	243.50	1
	74.26	93.59	243.68	1
	149.51	91.45	170.53	1
	150.04	168.52	232.99	1
	182.74	112.63	215.39	1
	131.72	79.92	238.02	1
	180.23	91.63	278.34	1
	163.59	88.72	214.61	1
	174.30	152.86	157.18	1
	185.73	172.40	242.51	1
	175.95	101.21	196.11	1
	174.35	103.26	207.82	1
	102.97	161.05	187.66	1
	187.35	175.17	241.16	1
	133.69	90.53	230.94	1
	99.52	159.12	186.97	1
	186.25	173.51	241.99	1
	170.29	70.45	249.51	1
	177.28	99.56	192.94	1
	101.42	90.28	203.73	1
	170.64	79.85	217.31	1
	85.00	97.08	264.42	1
	96.24	97.11	276.32	1
	135.35	76.82	242.73	1
	102.05	158.09	196.01	1
	180.18	88.32	283.64	1
	184.98	171.77	242.91	1
	127.23	158.81	226.82	1
	185.54	172.61	242.47	1
	127.52	97.52	185.56	1
	90.22	155.90	184.29	1
	120.85	94.51	192.66	1
	185.01	171.86	242.86	1
	86.68	89.98	237.22	1
	109.28	87.56	224.35	1
	132.18	172.99	211.63	1
	182.85	166.11	245.42	1
	162.00	138.24	225.99	1
	107.67	90.92	201.84	1
	39.05	152.04	223.11	1
	178.24	112.35	213.15	1
	135.11	156.02	236.19	1
	122.31	95.22	190.10	1
	160.06	93.75	278.14	1
	143.50	104.79	173.06	1
	171.80	79.84	219.74	1
	169.95	78.32	225.41	1
	144.25	103.63	170.91	1
	169.22	88.83	285.57	1
	86.46	91.87	215.20	1
	141.30	106.92	183.44	1
	187.78	162.52	233.32	1
	188.09	175.31	241.13	1
	117.65	93.55	193.37	1
	158.48	117.49	172.94	1
	87.58	153.83	187.32	1
	185.93	172.85	242.30	1
	117.75	156.99	113.19	1
	191.77	177.99	240.52	1
	189.95	175.00	240.29	1
	115.54	84.32	234.01	1
	58.84	166.37	150.81	1
	115.52	85.80	228.51	1
	103.06	106.25	264.41	1
	193.80	178.82	240.06	1
	134.92	107.10	267.86	1
	100.15	158.40	190.11	1
	108.28	102.23	266.00	1
	169.39	89.78	284.00	1
	140.40	69.08	251.88	1
	157.78	155.69	247.08	1
	145.67	115.92	228.04	1
	176.53	103.79	283.20	1
	172.74	96.09	205.67	1
