This file is created for TexTools software, Resmat Corp 
ODF file name: solodf.HODF 

B	500	0 
	69.89	98.20	81.50	1
	75.88	57.02	24.47	1
	25.65	70.03	12.73	1
	91.43	114.37	47.39	1
	59.29	62.23	56.37	1
	27.92	62.84	16.54	1
	37.43	55.09	17.21	1
	81.06	43.40	35.65	1
	31.10	75.38	10.02	1
	63.66	56.87	36.92	1
	201.16	5.45	247.67	1
	107.05	91.45	130.79	1
	60.81	30.98	335.30	1
	51.23	100.72	99.37	1
	32.19	57.83	10.76	1
	92.40	68.42	357.71	1
	72.25	45.24	41.26	1
	103.79	58.01	68.86	1
	51.41	19.24	30.08	1
	323.91	37.75	98.06	1
	32.03	59.49	11.52	1
	39.20	59.88	56.37	1
	38.75	38.77	65.97	1
	275.27	9.44	180.80	1
	44.38	70.41	69.78	1
	28.91	66.51	14.71	1
	47.30	104.59	7.65	1
	99.99	117.17	52.80	1
	92.93	71.08	14.70	1
	54.93	88.01	80.20	1
	36.60	76.99	4.16	1
	37.76	60.33	10.72	1
	26.83	91.17	37.87	1
	77.67	79.99	87.80	1
	277.12	9.34	170.30	1
	59.24	56.40	2.55	1
	101.59	73.46	349.10	1
	27.22	67.28	65.92	1
	37.59	42.28	355.40	1
	55.08	64.84	63.39	1
	43.96	58.09	48.65	1
	91.51	84.05	357.64	1
	101.78	60.55	69.41	1
	323.90	59.85	82.13	1
	326.69	73.53	101.90	1
	82.71	95.02	88.29	1
	3.86	52.72	81.89	1
	66.36	57.11	35.27	1
	91.55	81.84	351.88	1
	32.06	53.77	9.24	1
	65.33	41.65	48.57	1
	58.18	63.59	60.85	1
	100.45	58.81	74.23	1
	17.08	79.03	51.44	1
	4.48	21.94	128.83	1
	36.72	43.49	357.65	1
	58.52	64.05	62.45	1
	54.47	63.56	56.49	1
	35.26	44.76	358.55	1
	5.75	31.94	0.33	1
	263.95	17.00	185.08	1
	0.00	46.51	0.00	1
	36.45	43.78	357.85	1
	355.02	32.09	130.78	1
	284.27	14.83	160.57	1
	38.61	65.95	15.25	1
	78.18	57.43	21.85	1
	309.51	29.99	108.62	1
	34.08	68.05	9.26	1
	359.99	46.48	360.00	1
	94.39	80.23	0.38	1
	354.28	79.69	40.04	1
	105.88	58.76	66.43	1
	88.63	107.30	46.26	1
	54.93	64.47	62.18	1
	306.79	5.70	157.44	1
	23.60	63.84	67.98	1
	307.86	29.71	109.58	1
	216.94	2.58	242.88	1
	55.63	39.37	2.82	1
	65.15	57.26	35.37	1
	81.64	59.86	30.27	1
	42.05	64.89	64.11	1
	306.03	29.45	110.62	1
	44.69	69.53	67.83	1
	52.81	63.84	57.21	1
	16.06	13.05	122.43	1
	47.69	68.70	68.52	1
	17.23	57.85	71.04	1
	50.61	63.63	48.82	1
	68.76	62.11	34.80	1
	34.45	44.80	358.12	1
	325.23	61.80	101.17	1
	69.89	56.59	31.49	1
	59.91	47.62	48.77	1
	34.09	68.13	60.59	1
	35.24	45.14	359.03	1
	35.95	65.04	8.19	1
	92.58	100.38	5.56	1
	34.27	66.51	58.78	1
	64.61	57.40	35.39	1
	61.41	92.90	2.59	1
	13.43	38.96	94.54	1
	313.30	30.71	105.87	1
	97.44	84.00	2.37	1
	27.55	74.58	17.62	1
	26.98	56.33	69.59	1
	259.67	24.23	182.06	1
	34.45	29.14	347.96	1
	43.13	56.84	9.64	1
	26.54	61.63	69.54	1
	53.15	63.69	56.90	1
	231.27	2.81	227.15	1
	87.30	81.51	91.90	1
	100.07	108.64	108.46	1
	47.87	35.65	344.65	1
	56.75	89.94	89.53	1
	99.22	21.83	348.23	1
	117.77	96.32	88.71	1
	65.69	45.23	46.30	1
	63.44	62.88	59.44	1
	328.15	40.08	93.48	1
	47.62	67.29	64.74	1
	58.95	43.38	51.15	1
	359.71	54.00	359.99	1
	176.31	32.75	45.64	1
	263.61	81.51	357.13	1
	213.91	52.08	93.21	1
	243.47	119.32	93.57	1
	223.65	72.79	111.93	1
	180.67	87.19	23.45	1
	215.24	58.49	96.05	1
	277.97	55.87	10.29	1
	178.54	34.80	46.02	1
	263.09	27.23	49.79	1
	230.37	30.63	72.55	1
	273.90	96.21	89.08	1
	124.07	66.19	22.73	1
	197.42	45.14	30.91	1
	180.82	35.54	44.86	1
	278.75	88.78	12.75	1
	178.42	34.36	45.73	1
	247.23	98.96	64.72	1
	240.82	11.59	37.29	1
	221.54	31.29	76.43	1
	169.89	39.31	44.56	1
	227.64	74.06	112.66	1
	172.99	60.15	98.56	1
	273.24	27.60	42.71	1
	224.62	73.96	113.43	1
	178.35	35.24	45.54	1
	275.49	88.53	12.43	1
	263.17	73.42	89.36	1
	325.83	104.86	351.42	1
	237.54	138.42	107.97	1
	181.25	35.78	42.08	1
	246.08	102.61	69.02	1
	176.96	33.75	46.44	1
	176.59	33.28	46.46	1
	236.20	29.17	68.07	1
	181.48	35.06	45.19	1
	287.13	29.08	32.69	1
	106.56	44.80	138.66	1
	180.74	35.48	44.82	1
	177.72	33.84	46.50	1
	219.60	63.06	101.48	1
	324.59	104.80	352.34	1
	259.01	53.24	83.05	1
	232.31	30.06	70.17	1
	178.24	34.24	45.66	1
	176.17	32.38	45.74	1
	178.66	74.55	100.17	1
	248.23	27.89	59.93	1
	267.07	84.57	1.13	1
	190.07	86.06	355.31	1
	132.14	41.47	121.33	1
	179.51	33.68	42.17	1
	236.29	135.87	105.98	1
	273.59	87.44	21.29	1
	321.50	43.49	353.49	1
	161.01	45.96	40.35	1
	177.36	33.48	46.47	1
	223.78	73.29	112.70	1
	168.11	40.53	43.91	1
	271.98	8.30	292.33	1
	278.26	27.99	39.11	1
	141.94	62.27	26.31	1
	162.37	44.86	41.17	1
	282.90	28.36	35.98	1
	16.22	13.39	255.94	1
	169.57	36.22	46.59	1
	274.54	27.59	41.86	1
	271.31	20.62	0.23	1
	167.40	46.67	38.49	1
	148.16	57.29	30.69	1
	327.00	104.70	350.71	1
	173.00	37.67	45.15	1
	274.45	89.63	39.70	1
	263.25	76.91	83.02	1
	179.10	33.34	42.77	1
	236.93	29.04	67.51	1
	93.11	53.49	148.90	1
	106.60	9.69	160.42	1
	241.28	28.51	64.55	1
	356.57	8.64	273.18	1
	264.82	84.07	4.24	1
	271.51	27.50	43.94	1
	299.78	94.23	12.41	1
	273.81	3.62	350.69	1
	253.27	95.43	59.61	1
	176.13	32.84	46.20	1
	271.25	27.50	44.08	1
	225.75	76.21	116.72	1
	179.48	33.71	42.99	1
	281.72	90.33	18.71	1
	267.82	27.30	46.51	1
	167.13	41.20	43.54	1
	303.14	28.39	9.59	1
	327.62	104.73	350.27	1
	143.50	41.44	114.32	1
	307.04	97.33	5.64	1
	174.45	36.73	45.50	1
	177.12	34.22	45.92	1
	263.36	85.46	355.18	1
	134.26	39.92	119.01	1
	293.89	92.40	16.30	1
	201.24	51.05	30.88	1
	195.33	44.33	34.50	1
	231.21	30.20	70.78	1
	266.19	84.40	359.03	1
	273.20	75.25	356.18	1
	247.50	27.82	60.32	1
	236.42	29.12	67.91	1
	244.14	10.42	287.10	1
	219.15	62.68	101.04	1
	221.89	68.92	106.87	1
	178.07	32.20	42.87	1
	236.83	29.05	67.58	1
	176.46	32.35	45.08	1
	265.77	71.09	86.67	1
	184.77	37.14	43.10	1
	264.51	72.24	86.87	1
	227.71	32.17	74.74	1
	263.92	92.09	84.94	1
	131.37	41.97	122.18	1
	177.95	33.75	45.14	1
	246.64	28.04	61.04	1
	191.67	66.07	49.41	1
	181.85	81.40	100.37	1
	201.12	82.72	348.16	1
	331.18	90.36	269.86	1
	233.56	104.81	195.07	1
	292.80	139.74	213.08	1
	238.81	108.30	199.72	1
	322.49	68.93	283.32	1
	331.24	61.93	209.17	1
	245.89	113.29	206.80	1
	269.93	114.98	188.02	1
	280.09	118.53	206.65	1
	245.50	111.78	205.25	1
	348.44	178.92	300.36	1
	273.12	107.15	269.46	1
	310.28	153.34	149.10	1
	333.42	97.78	265.81	1
	271.50	155.29	176.62	1
	234.42	105.55	195.97	1
	356.54	95.03	258.77	1
	332.90	92.59	268.70	1
	268.81	156.18	174.89	1
	353.99	95.32	264.24	1
	343.61	98.37	182.82	1
	359.62	113.70	260.57	1
	357.28	58.01	277.28	1
	348.37	178.88	300.28	1
	342.77	79.28	274.25	1
	334.87	72.00	201.50	1
	286.86	84.78	171.32	1
	254.45	115.55	301.87	1
	277.32	81.10	183.34	1
	245.03	112.27	205.33	1
	358.45	34.60	225.04	1
	333.17	70.91	203.20	1
	323.16	61.51	207.07	1
	329.76	107.08	256.74	1
	181.09	168.96	108.90	1
	246.14	113.49	206.64	1
	294.44	141.05	212.57	1
	342.74	80.55	273.76	1
	270.60	155.16	174.75	1
	287.76	118.20	231.59	1
	359.81	113.85	260.66	1
	275.52	82.49	174.72	1
	329.83	91.80	269.10	1
	358.13	91.34	265.16	1
	19.09	94.17	262.47	1
	332.21	87.61	271.29	1
	1.36	71.56	275.48	1
	258.60	115.95	216.06	1
	289.04	80.68	172.43	1
	330.69	58.18	211.47	1
	332.93	71.11	278.87	1
	334.92	77.86	275.74	1
	249.76	113.43	208.73	1
	278.22	118.04	206.19	1
	177.10	168.97	115.46	1
	339.14	84.87	190.82	1
	344.72	101.46	265.23	1
	330.87	69.96	279.73	1
	339.99	79.88	197.04	1
	347.09	149.11	164.69	1
	43.47	157.72	309.60	1
	351.62	85.84	183.84	1
	338.37	78.49	196.49	1
	295.12	141.91	213.48	1
	296.94	166.73	202.13	1
	334.80	72.33	201.22	1
	236.14	106.61	197.30	1
	90.72	155.85	357.20	1
	330.10	57.13	211.57	1
	338.06	77.98	196.73	1
	264.12	86.19	173.12	1
	13.02	44.05	214.90	1
	300.61	113.11	248.03	1
	256.68	102.20	268.63	1
	336.57	77.55	275.66	1
	349.31	178.20	300.09	1
	340.25	81.46	273.63	1
	111.85	173.81	359.39	1
	349.60	177.94	299.98	1
	246.34	161.04	143.12	1
	276.09	75.59	186.70	1
	293.13	143.08	212.06	1
	234.05	105.08	195.45	1
	283.94	171.27	168.83	1
	293.56	115.13	243.02	1
	334.57	98.58	265.44	1
	252.20	114.73	205.11	1
	296.89	121.99	223.95	1
	359.59	113.68	260.56	1
	276.14	75.22	188.85	1
	267.67	157.91	266.05	1
	358.16	137.59	179.32	1
	183.53	161.58	109.55	1
	265.78	111.80	181.66	1
	340.26	95.36	267.37	1
	320.66	62.24	206.92	1
	347.37	95.44	190.27	1
	330.83	59.77	210.57	1
	271.63	83.69	178.07	1
	350.59	67.08	276.95	1
	244.43	106.52	189.28	1
	255.77	115.33	213.84	1
	359.57	113.66	260.55	1
	352.48	174.35	298.43	1
	277.97	85.67	183.01	1
	293.86	122.72	215.95	1
	276.66	117.44	230.28	1
	28.26	155.75	292.06	1
	76.07	157.49	256.11	1
	17.82	84.56	255.80	1
	359.65	113.72	260.58	1
	337.84	95.55	267.39	1
	349.18	178.31	300.13	1
	332.36	85.95	272.15	1
	279.86	75.15	263.96	1
	270.04	155.75	175.34	1
	290.63	82.15	263.44	1
	172.91	174.59	118.56	1
	280.10	76.20	264.06	1
	342.63	72.20	276.80	1
	310.96	77.38	279.55	1
	351.94	175.35	298.90	1
	337.99	71.71	277.73	1
	359.68	57.44	276.94	1
	339.90	79.82	197.04	1
	119.14	91.94	218.77	1
	121.68	94.88	191.54	1
	89.86	156.57	182.00	1
	59.75	124.51	279.68	1
	178.72	91.01	290.53	1
	170.98	78.17	217.20	1
	182.61	169.13	243.26	1
	90.52	157.10	181.68	1
	129.11	99.98	194.89	1
	151.68	148.53	241.68	1
	126.57	159.71	233.77	1
	84.61	73.63	269.16	1
	193.65	178.82	234.46	1
	116.05	93.66	207.55	1
	175.73	159.15	234.11	1
	42.28	134.81	176.01	1
	160.56	136.98	233.40	1
	109.09	88.62	218.77	1
	191.22	178.53	239.86	1
	192.20	179.09	239.83	1
	199.55	97.87	219.79	1
	183.31	168.88	236.51	1
	158.08	92.65	278.85	1
	181.64	167.77	245.51	1
	192.84	178.94	240.34	1
	171.27	70.30	253.19	1
	129.07	98.21	184.62	1
	90.91	73.88	278.61	1
	149.31	103.86	169.18	1
	61.69	118.08	271.67	1
	160.18	34.50	275.45	1
	175.57	88.94	158.76	1
	127.87	99.74	197.93	1
	139.23	73.71	245.43	1
	190.47	177.95	240.04	1
	155.90	158.11	240.27	1
	89.75	157.11	180.53	1
	203.94	91.18	270.59	1
	195.27	173.77	238.29	1
	139.69	72.89	246.42	1
	192.34	179.07	239.93	1
	145.52	104.84	171.84	1
	108.21	158.88	196.95	1
	191.53	178.67	239.89	1
	187.96	174.61	236.84	1
	124.20	88.97	224.37	1
	159.99	93.56	277.21	1
	156.73	154.40	250.75	1
	146.69	105.14	171.08	1
	167.22	93.07	158.48	1
	159.06	93.03	278.36	1
	139.09	72.54	247.20	1
	64.78	112.10	263.79	1
	126.39	70.46	180.67	1
	178.77	164.36	248.02	1
	164.61	99.46	207.99	1
	137.64	75.93	242.82	1
	180.16	83.98	272.87	1
	165.85	82.52	213.21	1
	159.72	165.48	126.64	1
	190.49	177.94	240.05	1
	172.10	97.81	206.24	1
	165.60	94.50	216.58	1
	103.50	162.34	184.68	1
	191.39	178.74	239.75	1
	135.22	80.21	238.05	1
	97.31	159.76	183.89	1
	190.77	178.24	239.92	1
	174.13	38.92	263.88	1
	172.30	94.13	193.59	1
	120.18	94.43	191.54	1
	161.61	64.39	252.91	1
	98.32	106.07	261.88	1
	108.41	94.93	273.40	1
	139.19	72.72	246.90	1
	97.49	158.80	185.53	1
	178.42	92.76	291.15	1
	190.06	177.64	240.12	1
	146.69	157.16	241.11	1
	190.38	177.93	240.01	1
	150.08	102.18	168.51	1
	89.86	156.59	181.92	1
	147.80	105.52	170.86	1
	190.08	177.66	240.11	1
	75.70	93.36	241.99	1
	114.60	92.97	211.27	1
	170.12	162.98	248.24	1
	188.95	176.10	240.82	1
	162.42	140.79	230.66	1
	130.68	99.32	183.17	1
	338.92	152.28	173.51	1
	166.00	100.66	208.15	1
	157.24	156.19	248.79	1
	147.79	104.63	170.17	1
	159.15	92.85	277.65	1
	149.59	91.60	171.15	1
	170.87	88.31	242.90	1
	177.10	86.86	242.28	1
	144.40	87.70	173.20	1
	178.55	95.89	288.84	1
	93.61	89.83	216.85	1
	164.23	104.48	163.66	1
	195.27	174.91	238.80	1
	191.81	178.87	239.84	1
	143.95	104.89	172.88	1
	171.87	99.00	157.95	1
	88.41	155.28	183.28	1
	190.60	178.06	240.00	1
	90.14	159.82	85.20	1
	193.91	179.64	240.27	1
	193.75	179.15	240.66	1
	123.04	86.54	226.55	1
	84.53	164.85	184.91	1
	120.66	90.64	221.17	1
	118.53	105.28	266.01	1
	196.27	179.85	241.71	1
	163.82	120.93	276.01	1
	92.49	158.18	181.21	1
	114.64	100.95	266.96	1
	174.16	84.10	296.27	1
	138.94	69.81	251.51	1
	155.69	155.59	248.14	1
	126.87	86.84	233.52	1
	195.87	98.04	274.08	1
	160.52	99.36	208.53	1
