50.723	78.854	72.787
49.226	41.577	25.401
67.755	5.298	20.595
85.82	0.775	17.134
79.532	4.248	6.6
57.54	85.863	72.471
66.447	6.895	34.657
45.661	3.877	32.735
17.04	13.632	84.93
44.543	6.982	41.167
24.528	59.304	75.943
85.754	89.586	62.086
14.574	18.21	75.69
87.995	87.66	10.756
86.427	63.419	74.962
10.849	33.55	79.491
1.093	88.451	83.466
51.536	41.254	51.492
89.272	89.346	4.96
15.357	78.796	2.763
80.159	18.548	18.381
25.382	69.115	86.185
6.095	14.888	0.706
78.519	6.506	11.555
85.96	88.753	77.887
12.44	11.343	84.584
62.061	11.745	21.408
12.602	7.388	75.443
72.383	5.717	12.893
80.431	86.39	8.894
68.54	13.248	40.181
0.316	80.449	86.482
56.867	5.717	33.88
63.193	7.36	36.72
20.751	81.375	14.365
5.812	30.279	80.931
86.355	89.904	83.235
70.6	6.365	25.725
0.939	78.683	87.179
30.051	84.41	77.703
12.646	84.167	87.407
1.736	82.491	5.356
66.23	39.21	85.224
11.168	80.314	1.958
12.681	10.191	8.993
79.848	85.652	68.362
85.559	74.052	57.713
4.285	88.618	80.06
88.481	4.054	6.254
5.414	4.2	88.237
87.885	2.901	86.174
23.759	16.754	57.463
81.06	85.17	78.582
39.008	10.963	54.48
6.477	33.935	78.497
36.229	39.826	88.912
5.147	10.522	75.08
25.843	35.128	61.047
84.853	84.25	6.109
64.272	79.011	69.21
13.129	17.257	65.415
31.216	29.737	55.255
33.139	6.837	68.411
80.491	80.222	1.25
82.842	85.344	6.705
15.112	55.964	3.821
29.807	7.209	46.432
9.149	65.62	30.304
7.938	69.394	89.366
7.411	80.422	84.243
82.287	89.788	65.851
63.459	82.371	50.97
88.184	88.01	10.94
71.633	2.61	36.673
3.128	26.86	68.757
6.716	69.259	89.157
86.894	89.818	9.534
5.768	62.943	79.675
8.526	30.679	87.781
9.866	87.782	8.061
27.11	86.8	7.284
51.349	7.319	49.226
6.337	79.431	84.205
46.853	5.503	49.465
81.169	6.459	27.357
76.703	89.187	0.56
38.805	37.774	1.942
83.081	80.796	9.476
87.794	87.395	81.452
86.855	85.742	1.736
63.92	0.895	35.273
87.825	82.712	17.702
88.553	82.863	84.619
83.641	10.022	87.454
45.386	6.866	55.436
33.982	0.001	71.754
80.898	84.559	84.147
60.199	51.278	9.361
21.44	12.109	48.108
2.98	36.761	87.586
54.475	4.318	18.559
1.511	7.615	87.141
29.829	3.439	59.465
75.278	82.819	4.697
10.454	26.813	1.574
35.904	25.605	80.057
84.655	88.877	74.789
26.135	56.135	83.512
32.806	39.828	2.475
28.263	89.965	28.291
6.059	24.465	70.403
5.491	84.712	78.148
13.533	81.361	3.617
58.446	6.643	26.395
60.512	1.343	17.337
60.836	4.946	13.489
13.786	6.173	54.14
86.558	87.478	33.402
80.557	88.018	65.802
76.426	79.17	5.576
71.043	2.796	34.16
77.854	89.633	17.073
26.423	20.738	82.307
12.286	34.5	88.995
78.434	89.552	0.396
23.665	57.256	74.13
55.282	7.278	30.999
14.772	20.157	65.719
6.221	78.776	3.068
5.23	67.754	89.865
40.428	6.058	48.567
16.192	30.4	6.735
52.395	65.884	36.069
12.313	10.102	6.177
43.757	39.163	62.187
2.516	32.266	79.906
46.32	53.224	45.575
11.162	68.113	84.77
22.215	7.401	71.743
60.015	84.448	78.42
9.33	9.549	68.538
12.613	10.935	86.655
45.26	6.924	59.611
29.864	17.456	22.221
17.266	9.778	73.072
84.63	88.662	65.607
26.14	10.889	71.166
23.693	11.624	48.339
13.945	32.638	86.495
3.093	25.165	62.094
13.124	16.218	72.136
84.136	88.423	6.1
71.817	1.343	10.871
3.183	34.741	37.898
77.505	89.052	8.237
22.462	88.991	75.717
60.556	6.189	36.119
87.204	82.174	2.431
0.596	44.1	13.588
85.07	3.719	86.306
40.318	88.823	46.504
3.966	5.429	88.888
86.281	3.772	85.111
70.694	74.063	6.845
81.856	49.708	38.022
79.637	83.032	33.564
62.737	5.26	17.565
87.739	85.586	1.445
20.57	83.56	54.884
78.741	89.014	16.785
51.857	6.008	37.926
4.12	27.838	87.476
56.227	6.567	28.552
72.306	35.932	72.517
76.506	6.254	21.674
28.708	23.889	85.141
88.124	83.967	26.742
4.271	14.799	0.571
62.583	83.481	88.245
58.309	84.958	44.905
66.804	6.157	7.982
52.121	7.496	53.395
7.361	17.682	83.364
14.601	32.207	72.075
12.269	7.72	78.519
83.619	83.532	22.775
87.863	50.578	63.764
16.626	7.415	74.605
65.14	4.054	22.243
0.643	37.005	33.894
64.052	78.291	66.637
3.208	12.125	62.805
80.782	85.152	89.725
87.726	83.108	89.615
43.298	80.53	28.59
24.747	80.591	79.917
54.052	72.629	74.781
1.849	36.93	0.478
74.756	84.805	40.656
28.008	33.06	75.824
69.655	86.706	30.96
51.852	81.286	73.611
87.391	89.435	68.969
87.72	86.565	25.258
5.323	83.032	7.152
84.971	86.39	8.454
20.435	9.911	64.618
1.527	76.144	81.208
12.203	66.77	88.855
45.457	88.774	84.864
57.125	6.286	28.057
10.781	77.33	7.391
33.163	2.452	59.732
4.689	14.922	3.958
15.087	77.412	86.116
62.629	5.183	26.714
3.909	23.523	2.321
81.93	18.951	60.949
89.679	80.341	84.026
80.395	82.588	80.944
28.725	83.163	7.987
17.949	34.768	88.319
81.285	87.616	31.716
69.15	48.617	8.726
53.934	10.74	48.764
85.696	89.145	25.228
85.229	87.332	57.194
12.39	77.826	84.314
41.238	17.38	67.67
1.038	11.822	4.738
16.082	5.521	65.025
6.109	6.924	84.474
2.14	9.86	85.394
85.265	89.654	89.289
65.505	1.416	31.85
83.864	80.122	4.606
52.956	7.082	38.876
1.277	56.507	3.551
72.855	5.241	0.813
14.511	12.158	78.049
56.318	4.005	31.653
76.569	7.209	13.354
17.18	31.074	79.313
12.063	6.27	73.429
0.78	65.277	89.687
60.707	4.005	26.769
89.456	7.306	76.797
78.895	83.242	5.452
56.634	45.597	44.114
9.41	40.092	84.921
80.922	84.968	35.405
78.25	85.256	17.499
82.414	1.675	1.022
82.136	4.5	15.667
35.377	6.025	41.955
3.398	33.143	83.12
4.334	24.022	24.272
81.246	87.058	53.697
19.732	18.344	65.165
82.524	1.899	8.542
9.915	65.31	2.81
6.188	27.022	73.377
87.577	88.96	18.51
88.379	89.043	11.899
4.051	74.561	4.521
70.548	78.833	76.102
29.631	84.157	88.605
16.496	72.603	5.941
2.977	9.357	5.526
86.63	82.616	88.033
53.458	1.266	44.592
77.783	88.067	11.239
15.848	4.986	79.472
4.433	55.719	0.975
29.617	32.322	26.459
77.552	89.85	83.897
42.474	1.951	40.274
89.506	84.975	79.31
89.536	87.299	6.342
86.402	85.438	10.176
15.818	22.302	81.722
82.842	80.911	30.642
40.354	64.53	72.202
69.894	7.039	26.475
0.989	53.664	9.501
64.926	5.086	39.915
83.372	87.724	69.661
42.933	74.163	38.571
88.737	83.937	12.522
57.565	76.366	35.948
11.157	54.868	23.72
79.489	78.2	85.765
4.202	64.921	64.266
72.457	36.979	77.038
46.413	5.411	44.532
12.654	14.048	14.244
17.974	4.318	80.936
63.638	49.829	78.777
20.655	30.06	72.185
32.817	11.839	61.547
4.73	88.085	2.483
62.484	6.444	28.714
52.481	4.522	35.965
88.715	10.75	73.97
9.031	29.762	79.771
85.924	89.344	82.364
88.184	5.279	83.512
41.03	7.374	47.932
0.714	14.703	1.233
12.462	24.112	86.844
19.938	31.094	89.396
70.337	74.223	22.594
16.933	85.442	82.221
70.191	0.001	13.934
85.13	84.336	74.042
14.761	27.01	83.729
46.732	3.954	40.541
55.128	85.801	52.659
13.698	12.134	62.108
68.62	88.062	81.51
16.345	15.535	75.108
56.601	5.392	34.94
5.499	87.514	0.203
11.585	9.901	68.84
33.421	4.432	39.549
0.297	68.282	2.807
10.075	18.837	0.286
25.354	9.809	50.044
48.391	35.717	86.344
66.796	71.227	77.602
0.519	87.276	6.567
89.083	84.642	82.644
41.151	4.781	42.496
7.641	88.466	89.368
72.523	4.823	29.664
83.216	87.194	82.793
52.42	23.953	73.792
85.292	79.077	88.767
68.263	12.389	26.107
11.984	5.89	5.752
63.561	2.492	33.16
5.749	59.519	1.986
22.885	4.005	69.584
85.218	83.154	76.929
45.674	48.027	5.631
33.207	9.151	59.042
73.064	6.302	16.829
12.846	14.648	68.919
68.027	5.006	15.615
17.746	43.47	81.362
55.82	6.042	28.321
70.471	46.252	37.736
81.461	6.206	85.836
61.616	5.941	20.18
42.318	12.291	49.698
77.017	4.295	0.077
11.986	73.945	5.551
82.342	85.886	22.284
81.005	3.746	0.211
52.258	68.688	76.462
8.863	81.797	84.507
80.903	86.036	88.495
8.649	70.743	83.298
87.437	84.413	74.915
89.484	88.045	89.052
42.859	77.969	1.445
8.213	73.194	7.073
10.748	62.955	84.169
79.261	83.944	83.982
58.249	86.835	73.124
86.102	86.359	84.636
63.934	80.498	7.644
68.532	6.042	22.034
50.138	4.986	37.745
72.971	27.537	82.809
14.601	10.889	74.289
27.906	60.177	83.576
54.046	65.742	79.939
65.318	38.147	11.401
10.687	9.86	72.279
49.792	65	5.147
76.695	83.881	59.726
77.926	83.082	6.702
74.275	83.624	82.779
0.967	88.664	88.201
15.906	71.773	86.421
0.206	79.307	88.484
49.495	78.046	6.946
28.428	11.502	77.36
85.171	83.541	15.774
89.247	89.131	85.781
35.47	55.833	8.377
11.066	29.712	77.571
53.046	11.046	34.627
48.624	9.443	26.195
67.082	73.863	10.297
87.847	86.422	9.597
75.932	84.464	80.497
21.88	4.739	71.246
80.436	88.856	85.669
76.58	6.058	88.649
75.297	20.374	66.447
31.779	10.646	68.175
30.782	2.61	49.245
45.293	74.617	68.735
8.292	69.659	87.976
21.13	5.839	81.933
53.129	6.582	31.139
76.528	88.244	40.722
4.612	24.21	88.772
24.094	31.25	73.671
76.173	6.238	7.589
33.485	6.318	55.252
73.891	88.72	18.482
32.507	89.157	80.241
59.765	75.213	49.753
32.902	50.756	18.985
13.203	23.161	89.742
65.56	3.003	9.589
80.038	87.908	25.83
4.007	12.591	81.337
73.05	1.734	19.908
78.011	88.529	14.585
88.374	88.421	86.77
53.439	58.935	10.157
53.642	71.528	75.454
16.969	31.354	81.016
8.07	35.383	82.296
60.877	10.589	42.079
14.382	29.762	58.504
81.708	78.735	47.539
77.942	84.329	15.255
53.961	57.998	75.272
15.846	83.932	84.702
13.516	14.717	80.628
12.923	71.951	4.988
7.71	87.154	0.634
22.374	78.074	15.911
80.947	53.957	19.337
84.897	5.355	83.114
78.404	83.893	72.232
11.401	32.201	82.205
87.27	1.614	2.826
87.16	5.787	1.612
87.325	84.684	73.701
4.625	54.435	0.945
23.303	11.745	69.123
79.865	5.066	78.049
49.154	14.922	27.582
18.01	9.695	58.323
72.226	42.301	42.186
0.931	69.581	12.201
8.243	33.15	1.571
83.334	58.884	12.819
84.949	79.968	59.136
84.812	87.555	86.589
66.384	3.35	25.747
77.53	68.344	19.306
11.47	36.889	1.544
45.825	63.206	88.921
4.164	72.324	2.087
8.133	6.157	66.511
18.861	20.846	81.29
56.079	52.633	46.111
46.309	6.91	57.186
4.488	8.583	78.502
76.802	81.159	31.232
22.907	28.125	86.633
0.923	57.007	55.513
83.825	61.353	29.609
12.195	77.797	0.92
4.505	56.137	35.242
35.001	6.025	49.223
5.716	7.292	78.78
68.403	89.302	86.718
88.338	84.021	3.887
56.092	7.011	34.825
83.51	83.918	61.133
59.614	68.682	54.67
84.718	79.908	70.15
83.578	8.939	71.751
16.032	6.141	72.02
20.081	33.617	25.066
3.021	16.675	70.4
77.604	84.505	83.048
66.912	6.895	24.676
83.957	6.733	14.541
9.833	66.922	83.205
8.509	55.745	0.709
1.714	6.397	88.657
45.474	3.35	32.691
16.093	25.435	74.154
0.835	88.036	2.087
5.65	43.716	52.277
83.122	10.032	87.056
75.684	45.641	70.718
88.874	4.522	4.452
69.98	10.843	31.82
81.507	82.756	0.788
51.052	72.976	75.011
230.723	78.854	72.787
229.226	41.577	25.401
247.755	5.298	20.595
265.82	0.775	17.134
259.532	4.248	6.6
237.54	85.863	72.471
246.447	6.895	34.657
225.661	3.877	32.735
197.04	13.632	84.93
224.543	6.982	41.167
204.528	59.304	75.943
265.754	89.586	62.086
194.574	18.21	75.69
267.995	87.66	10.756
266.427	63.419	74.962
190.849	33.55	79.491
181.093	88.451	83.466
231.536	41.254	51.492
269.272	89.346	4.96
195.357	78.796	2.763
260.159	18.548	18.381
205.382	69.115	86.185
186.095	14.888	0.706
258.519	6.506	11.555
265.96	88.753	77.887
192.44	11.343	84.584
242.061	11.745	21.408
192.602	7.388	75.443
252.383	5.717	12.893
260.431	86.39	8.894
248.54	13.248	40.181
180.316	80.449	86.482
236.867	5.717	33.88
243.193	7.36	36.72
200.751	81.375	14.365
185.812	30.279	80.931
266.355	89.904	83.235
250.6	6.365	25.725
180.939	78.683	87.179
210.051	84.41	77.703
192.646	84.167	87.407
181.736	82.491	5.356
246.23	39.21	85.224
191.168	80.314	1.958
192.681	10.191	8.993
259.848	85.652	68.362
265.559	74.052	57.713
184.285	88.618	80.06
268.481	4.054	6.254
185.414	4.2	88.237
267.885	2.901	86.174
203.759	16.754	57.463
261.06	85.17	78.582
219.008	10.963	54.48
186.477	33.935	78.497
216.229	39.826	88.912
185.147	10.522	75.08
205.843	35.128	61.047
264.853	84.25	6.109
244.272	79.011	69.21
193.129	17.257	65.415
211.216	29.737	55.255
213.139	6.837	68.411
260.491	80.222	1.25
262.842	85.344	6.705
195.112	55.964	3.821
209.807	7.209	46.432
189.149	65.62	30.304
187.938	69.394	89.366
187.411	80.422	84.243
262.287	89.788	65.851
243.459	82.371	50.97
268.184	88.01	10.94
251.633	2.61	36.673
183.128	26.86	68.757
186.716	69.259	89.157
266.894	89.818	9.534
185.768	62.943	79.675
188.526	30.679	87.781
189.866	87.782	8.061
207.11	86.8	7.284
231.349	7.319	49.226
186.337	79.431	84.205
226.853	5.503	49.465
261.169	6.459	27.357
256.703	89.187	0.56
218.805	37.774	1.942
263.081	80.796	9.476
267.794	87.395	81.452
266.855	85.742	1.736
243.92	0.895	35.273
267.825	82.712	17.702
268.553	82.863	84.619
263.641	10.022	87.454
225.386	6.866	55.436
213.982	0.001	71.754
260.898	84.559	84.147
240.199	51.278	9.361
201.44	12.109	48.108
182.98	36.761	87.586
234.475	4.318	18.559
181.511	7.615	87.141
209.829	3.439	59.465
255.278	82.819	4.697
190.454	26.813	1.574
215.904	25.605	80.057
264.655	88.877	74.789
206.135	56.135	83.512
212.806	39.828	2.475
208.263	89.965	28.291
186.059	24.465	70.403
185.491	84.712	78.148
193.533	81.361	3.617
238.446	6.643	26.395
240.512	1.343	17.337
240.836	4.946	13.489
193.786	6.173	54.14
266.558	87.478	33.402
260.557	88.018	65.802
256.426	79.17	5.576
251.043	2.796	34.16
257.854	89.633	17.073
206.423	20.738	82.307
192.286	34.5	88.995
258.434	89.552	0.396
203.665	57.256	74.13
235.282	7.278	30.999
194.772	20.157	65.719
186.221	78.776	3.068
185.23	67.754	89.865
220.428	6.058	48.567
196.192	30.4	6.735
232.395	65.884	36.069
192.313	10.102	6.177
223.757	39.163	62.187
182.516	32.266	79.906
226.32	53.224	45.575
191.162	68.113	84.77
202.215	7.401	71.743
240.015	84.448	78.42
189.33	9.549	68.538
192.613	10.935	86.655
225.26	6.924	59.611
209.864	17.456	22.221
197.266	9.778	73.072
264.63	88.662	65.607
206.14	10.889	71.166
203.693	11.624	48.339
193.945	32.638	86.495
183.093	25.165	62.094
193.124	16.218	72.136
264.136	88.423	6.1
251.817	1.343	10.871
183.183	34.741	37.898
257.505	89.052	8.237
202.462	88.991	75.717
240.556	6.189	36.119
267.204	82.174	2.431
180.596	44.1	13.588
265.07	3.719	86.306
220.318	88.823	46.504
183.966	5.429	88.888
266.281	3.772	85.111
250.694	74.063	6.845
261.856	49.708	38.022
259.637	83.032	33.564
242.737	5.26	17.565
267.739	85.586	1.445
200.57	83.56	54.884
258.741	89.014	16.785
231.857	6.008	37.926
184.12	27.838	87.476
236.227	6.567	28.552
252.306	35.932	72.517
256.506	6.254	21.674
208.708	23.889	85.141
268.124	83.967	26.742
184.271	14.799	0.571
242.583	83.481	88.245
238.309	84.958	44.905
246.804	6.157	7.982
232.121	7.496	53.395
187.361	17.682	83.364
194.601	32.207	72.075
192.269	7.72	78.519
263.619	83.532	22.775
267.863	50.578	63.764
196.626	7.415	74.605
245.14	4.054	22.243
180.643	37.005	33.894
244.052	78.291	66.637
183.208	12.125	62.805
260.782	85.152	89.725
267.726	83.108	89.615
223.298	80.53	28.59
204.747	80.591	79.917
234.052	72.629	74.781
181.849	36.93	0.478
254.756	84.805	40.656
208.008	33.06	75.824
249.655	86.706	30.96
231.852	81.286	73.611
267.391	89.435	68.969
267.72	86.565	25.258
185.323	83.032	7.152
264.971	86.39	8.454
200.435	9.911	64.618
181.527	76.144	81.208
192.203	66.77	88.855
225.457	88.774	84.864
237.125	6.286	28.057
190.781	77.33	7.391
213.163	2.452	59.732
184.689	14.922	3.958
195.087	77.412	86.116
242.629	5.183	26.714
183.909	23.523	2.321
261.93	18.951	60.949
269.679	80.341	84.026
260.395	82.588	80.944
208.725	83.163	7.987
197.949	34.768	88.319
261.285	87.616	31.716
249.15	48.617	8.726
233.934	10.74	48.764
265.696	89.145	25.228
265.229	87.332	57.194
192.39	77.826	84.314
221.238	17.38	67.67
181.038	11.822	4.738
196.082	5.521	65.025
186.109	6.924	84.474
182.14	9.86	85.394
265.265	89.654	89.289
245.505	1.416	31.85
263.864	80.122	4.606
232.956	7.082	38.876
181.277	56.507	3.551
252.855	5.241	0.813
194.511	12.158	78.049
236.318	4.005	31.653
256.569	7.209	13.354
197.18	31.074	79.313
192.063	6.27	73.429
180.78	65.277	89.687
240.707	4.005	26.769
269.456	7.306	76.797
258.895	83.242	5.452
236.634	45.597	44.114
189.41	40.092	84.921
260.922	84.968	35.405
258.25	85.256	17.499
262.414	1.675	1.022
262.136	4.5	15.667
215.377	6.025	41.955
183.398	33.143	83.12
184.334	24.022	24.272
261.246	87.058	53.697
199.732	18.344	65.165
262.524	1.899	8.542
189.915	65.31	2.81
186.188	27.022	73.377
267.577	88.96	18.51
268.379	89.043	11.899
184.051	74.561	4.521
250.548	78.833	76.102
209.631	84.157	88.605
196.496	72.603	5.941
182.977	9.357	5.526
266.63	82.616	88.033
233.458	1.266	44.592
257.783	88.067	11.239
195.848	4.986	79.472
184.433	55.719	0.975
209.617	32.322	26.459
257.552	89.85	83.897
222.474	1.951	40.274
269.506	84.975	79.31
269.536	87.299	6.342
266.402	85.438	10.176
195.818	22.302	81.722
262.842	80.911	30.642
220.354	64.53	72.202
249.894	7.039	26.475
180.989	53.664	9.501
244.926	5.086	39.915
263.372	87.724	69.661
222.933	74.163	38.571
268.737	83.937	12.522
237.565	76.366	35.948
191.157	54.868	23.72
259.489	78.2	85.765
184.202	64.921	64.266
252.457	36.979	77.038
226.413	5.411	44.532
192.654	14.048	14.244
197.974	4.318	80.936
243.638	49.829	78.777
200.655	30.06	72.185
212.817	11.839	61.547
184.73	88.085	2.483
242.484	6.444	28.714
232.481	4.522	35.965
268.715	10.75	73.97
189.031	29.762	79.771
265.924	89.344	82.364
268.184	5.279	83.512
221.03	7.374	47.932
180.714	14.703	1.233
192.462	24.112	86.844
199.938	31.094	89.396
250.337	74.223	22.594
196.933	85.442	82.221
250.191	0.001	13.934
265.13	84.336	74.042
194.761	27.01	83.729
226.732	3.954	40.541
235.128	85.801	52.659
193.698	12.134	62.108
248.62	88.062	81.51
196.345	15.535	75.108
236.601	5.392	34.94
185.499	87.514	0.203
191.585	9.901	68.84
213.421	4.432	39.549
180.297	68.282	2.807
190.075	18.837	0.286
205.354	9.809	50.044
228.391	35.717	86.344
246.796	71.227	77.602
180.519	87.276	6.567
269.083	84.642	82.644
221.151	4.781	42.496
187.641	88.466	89.368
252.523	4.823	29.664
263.216	87.194	82.793
232.42	23.953	73.792
265.292	79.077	88.767
248.263	12.389	26.107
191.984	5.89	5.752
243.561	2.492	33.16
185.749	59.519	1.986
202.885	4.005	69.584
265.218	83.154	76.929
225.674	48.027	5.631
213.207	9.151	59.042
253.064	6.302	16.829
192.846	14.648	68.919
248.027	5.006	15.615
197.746	43.47	81.362
235.82	6.042	28.321
250.471	46.252	37.736
261.461	6.206	85.836
241.616	5.941	20.18
222.318	12.291	49.698
257.017	4.295	0.077
191.986	73.945	5.551
262.342	85.886	22.284
261.005	3.746	0.211
232.258	68.688	76.462
188.863	81.797	84.507
260.903	86.036	88.495
188.649	70.743	83.298
267.437	84.413	74.915
269.484	88.045	89.052
222.859	77.969	1.445
188.213	73.194	7.073
190.748	62.955	84.169
259.261	83.944	83.982
238.249	86.835	73.124
266.102	86.359	84.636
243.934	80.498	7.644
248.532	6.042	22.034
230.138	4.986	37.745
252.971	27.537	82.809
194.601	10.889	74.289
207.906	60.177	83.576
234.046	65.742	79.939
245.318	38.147	11.401
190.687	9.86	72.279
229.792	65	5.147
256.695	83.881	59.726
257.926	83.082	6.702
254.275	83.624	82.779
180.967	88.664	88.201
195.906	71.773	86.421
180.206	79.307	88.484
229.495	78.046	6.946
208.428	11.502	77.36
265.171	83.541	15.774
269.247	89.131	85.781
215.47	55.833	8.377
191.066	29.712	77.571
233.046	11.046	34.627
228.624	9.443	26.195
247.082	73.863	10.297
267.847	86.422	9.597
255.932	84.464	80.497
201.88	4.739	71.246
260.436	88.856	85.669
256.58	6.058	88.649
255.297	20.374	66.447
211.779	10.646	68.175
210.782	2.61	49.245
225.293	74.617	68.735
188.292	69.659	87.976
201.13	5.839	81.933
233.129	6.582	31.139
256.528	88.244	40.722
184.612	24.21	88.772
204.094	31.25	73.671
256.173	6.238	7.589
213.485	6.318	55.252
253.891	88.72	18.482
212.507	89.157	80.241
239.765	75.213	49.753
212.902	50.756	18.985
193.203	23.161	89.742
245.56	3.003	9.589
260.038	87.908	25.83
184.007	12.591	81.337
253.05	1.734	19.908
258.011	88.529	14.585
268.374	88.421	86.77
233.439	58.935	10.157
233.642	71.528	75.454
196.969	31.354	81.016
188.07	35.383	82.296
240.877	10.589	42.079
194.382	29.762	58.504
261.708	78.735	47.539
257.942	84.329	15.255
233.961	57.998	75.272
195.846	83.932	84.702
193.516	14.717	80.628
192.923	71.951	4.988
187.71	87.154	0.634
202.374	78.074	15.911
260.947	53.957	19.337
264.897	5.355	83.114
258.404	83.893	72.232
191.401	32.201	82.205
267.27	1.614	2.826
267.16	5.787	1.612
267.325	84.684	73.701
184.625	54.435	0.945
203.303	11.745	69.123
259.865	5.066	78.049
229.154	14.922	27.582
198.01	9.695	58.323
252.226	42.301	42.186
180.931	69.581	12.201
188.243	33.15	1.571
263.334	58.884	12.819
264.949	79.968	59.136
264.812	87.555	86.589
246.384	3.35	25.747
257.53	68.344	19.306
191.47	36.889	1.544
225.825	63.206	88.921
184.164	72.324	2.087
188.133	6.157	66.511
198.861	20.846	81.29
236.079	52.633	46.111
226.309	6.91	57.186
184.488	8.583	78.502
256.802	81.159	31.232
202.907	28.125	86.633
180.923	57.007	55.513
263.825	61.353	29.609
192.195	77.797	0.92
184.505	56.137	35.242
215.001	6.025	49.223
185.716	7.292	78.78
248.403	89.302	86.718
268.338	84.021	3.887
236.092	7.011	34.825
263.51	83.918	61.133
239.614	68.682	54.67
264.718	79.908	70.15
263.578	8.939	71.751
196.032	6.141	72.02
200.081	33.617	25.066
183.021	16.675	70.4
257.604	84.505	83.048
246.912	6.895	24.676
263.957	6.733	14.541
189.833	66.922	83.205
188.509	55.745	0.709
181.714	6.397	88.657
225.474	3.35	32.691
196.093	25.435	74.154
180.835	88.036	2.087
185.65	43.716	52.277
263.122	10.032	87.056
255.684	45.641	70.718
268.874	4.522	4.452
249.98	10.843	31.82
261.507	82.756	0.788
231.052	72.976	75.011
309.277	101.146	252.787
310.774	138.423	205.401
292.245	174.702	200.595
274.18	179.225	197.134
280.468	175.752	186.6
302.46	94.137	252.471
293.553	173.105	214.657
314.339	176.123	212.735
342.96	166.368	264.93
315.457	173.018	221.167
335.472	120.696	255.943
274.246	90.414	242.086
345.426	161.79	255.69
272.005	92.34	190.756
273.573	116.581	254.962
349.151	146.45	259.491
358.907	91.549	263.466
308.464	138.746	231.492
270.728	90.654	184.96
344.643	101.204	182.763
279.841	161.452	198.381
334.618	110.885	266.185
353.905	165.112	180.706
281.481	173.494	191.555
274.04	91.247	257.887
347.56	168.657	264.584
297.939	168.255	201.408
347.398	172.612	255.443
287.617	174.283	192.893
279.569	93.61	188.894
291.46	166.752	220.181
359.684	99.551	266.482
303.133	174.283	213.88
296.807	172.64	216.72
339.249	98.625	194.365
354.188	149.721	260.931
273.645	90.096	263.235
289.4	173.635	205.725
359.061	101.317	267.179
329.949	95.59	257.703
347.354	95.833	267.407
358.264	97.509	185.356
293.77	140.79	265.224
348.832	99.686	181.958
347.319	169.809	188.993
280.152	94.348	248.362
274.441	105.948	237.713
355.715	91.382	260.06
271.519	175.946	186.254
354.586	175.8	268.237
272.115	177.099	266.174
336.241	163.246	237.463
278.94	94.83	258.582
320.992	169.037	234.48
353.523	146.065	258.497
323.771	140.174	268.912
354.853	169.478	255.08
334.157	144.872	241.047
275.147	95.75	186.109
295.728	100.989	249.21
346.871	162.743	245.415
328.784	150.263	235.255
326.861	173.163	248.411
279.509	99.778	181.25
277.158	94.656	186.705
344.888	124.036	183.821
330.193	172.791	226.432
350.851	114.38	210.304
352.062	110.606	269.366
352.589	99.578	264.243
277.713	90.212	245.851
296.541	97.629	230.97
271.816	91.99	190.94
288.367	177.39	216.673
356.872	153.14	248.757
353.284	110.741	269.157
273.106	90.182	189.534
354.232	117.057	259.675
351.474	149.321	267.781
350.134	92.218	188.061
332.89	93.2	187.284
308.651	172.681	229.226
353.663	100.569	264.205
313.147	174.497	229.465
278.831	173.541	207.357
283.297	90.813	180.56
321.195	142.226	181.942
276.919	99.204	189.476
272.206	92.605	261.452
273.145	94.258	181.736
296.08	179.105	215.273
272.175	97.288	197.702
271.447	97.137	264.619
276.359	169.978	267.454
314.614	173.134	235.436
326.018	179.999	251.754
279.102	95.441	264.147
299.801	128.722	189.361
338.56	167.891	228.108
357.02	143.239	267.586
305.525	175.682	198.559
358.489	172.385	267.141
330.171	176.561	239.465
284.722	97.181	184.697
349.546	153.187	181.574
324.096	154.395	260.057
275.345	91.123	254.789
333.865	123.865	263.512
327.194	140.172	182.475
331.737	90.035	208.291
353.941	155.535	250.403
354.509	95.288	258.148
346.467	98.639	183.617
301.554	173.357	206.395
299.488	178.657	197.337
299.164	175.054	193.489
346.214	173.827	234.14
273.442	92.522	213.402
279.443	91.982	245.802
283.574	100.83	185.576
288.957	177.204	214.16
282.146	90.367	197.073
333.577	159.262	262.307
347.714	145.5	268.995
281.566	90.448	180.396
336.335	122.744	254.13
304.718	172.722	210.999
345.228	159.843	245.719
353.779	101.224	183.068
354.77	112.246	269.865
319.572	173.942	228.567
343.808	149.6	186.735
307.605	114.116	216.069
347.687	169.898	186.177
316.243	140.837	242.187
357.484	147.734	259.906
313.68	126.776	225.575
348.838	111.887	264.77
337.785	172.599	251.743
299.985	95.552	258.42
350.67	170.451	248.538
347.387	169.065	266.655
314.74	173.076	239.611
330.136	162.544	202.221
342.734	170.222	253.072
275.37	91.338	245.607
333.86	169.111	251.166
336.307	168.376	228.339
346.055	147.362	266.495
356.907	154.835	242.094
346.876	163.782	252.136
275.864	91.577	186.1
288.183	178.657	190.871
356.817	145.259	217.898
282.495	90.948	188.237
337.538	91.009	255.717
299.444	173.811	216.119
272.796	97.826	182.431
359.404	135.9	193.588
274.93	176.281	266.306
319.682	91.177	226.504
356.034	174.571	268.888
273.719	176.228	265.111
289.306	105.937	186.845
278.144	130.292	218.022
280.363	96.968	213.564
297.263	174.74	197.565
272.261	94.414	181.445
339.43	96.44	234.884
281.259	90.986	196.785
308.143	173.992	217.926
355.88	152.162	267.476
303.773	173.433	208.552
287.694	144.068	252.517
283.494	173.746	201.674
331.292	156.111	265.141
271.876	96.033	206.742
355.729	165.201	180.571
297.417	96.519	268.245
301.691	95.042	224.905
293.196	173.843	187.982
307.879	172.504	233.395
352.639	162.318	263.364
345.399	147.793	252.075
347.731	172.28	258.519
276.381	96.468	202.775
272.137	129.422	243.764
343.374	172.585	254.605
294.86	175.946	202.243
359.357	142.995	213.894
295.948	101.709	246.637
356.792	167.875	242.805
279.218	94.848	269.725
272.274	96.892	269.615
316.702	99.47	208.59
335.253	99.409	259.917
305.948	107.371	254.781
358.151	143.07	180.478
285.244	95.195	220.656
331.992	146.94	255.824
290.345	93.294	210.96
308.148	98.714	253.611
272.609	90.565	248.969
272.28	93.435	205.258
354.677	96.968	187.152
275.029	93.61	188.454
339.565	170.089	244.618
358.473	103.856	261.208
347.797	113.23	268.855
314.543	91.226	264.864
302.875	173.714	208.057
349.219	102.67	187.391
326.837	177.548	239.732
355.311	165.078	183.958
344.913	102.588	266.116
297.371	174.817	206.714
356.091	156.477	182.321
278.07	161.049	240.949
270.321	99.659	264.026
279.605	97.412	260.944
331.275	96.837	187.987
342.051	145.232	268.319
278.715	92.384	211.716
290.85	131.383	188.726
306.066	169.26	228.764
274.304	90.855	205.228
274.771	92.668	237.194
347.61	102.174	264.314
318.762	162.62	247.67
358.962	168.178	184.738
343.918	174.479	245.025
353.891	173.076	264.474
357.86	170.14	265.394
274.735	90.346	269.289
294.495	178.584	211.85
276.136	99.878	184.606
307.044	172.918	218.876
358.723	123.493	183.551
287.145	174.759	180.813
345.489	167.842	258.049
303.682	175.995	211.653
283.431	172.791	193.354
342.82	148.926	259.313
347.937	173.73	253.429
359.22	114.723	269.687
299.293	175.995	206.769
270.544	172.694	256.797
281.105	96.758	185.452
303.366	134.403	224.114
350.59	139.908	264.921
279.078	95.032	215.405
281.75	94.744	197.499
277.586	178.325	181.022
277.864	175.5	195.667
324.623	173.975	221.955
356.602	146.857	263.12
355.666	155.978	204.272
278.754	92.942	233.697
340.268	161.656	245.165
277.476	178.101	188.542
350.085	114.69	182.81
353.812	152.978	253.377
272.423	91.04	198.51
271.621	90.957	191.899
355.949	105.439	184.521
289.452	101.167	256.102
330.369	95.843	268.605
343.504	107.397	185.941
357.023	170.643	185.526
273.37	97.384	268.033
306.542	178.734	224.592
282.217	91.933	191.239
344.152	175.014	259.472
355.567	124.281	180.975
330.383	147.678	206.459
282.448	90.15	263.897
317.526	178.049	220.274
270.494	95.025	259.31
270.464	92.701	186.342
273.598	94.562	190.176
344.182	157.698	261.722
277.158	99.089	210.642
319.646	115.47	252.202
290.106	172.961	206.475
359.011	126.336	189.501
295.074	174.914	219.915
276.628	92.276	249.661
317.067	105.837	218.571
271.263	96.063	192.522
302.435	103.634	215.948
348.843	125.132	203.72
280.511	101.8	265.765
355.798	115.079	244.266
287.543	143.021	257.038
313.587	174.589	224.532
347.346	165.952	194.244
342.026	175.682	260.936
296.362	130.171	258.777
339.345	149.94	252.185
327.183	168.161	241.547
355.27	91.915	182.483
297.516	173.556	208.714
307.519	175.478	215.965
271.285	169.25	253.97
350.969	150.238	259.771
274.076	90.656	262.364
271.816	174.721	263.512
318.97	172.626	227.932
359.286	165.297	181.233
347.538	155.888	266.844
340.062	148.906	269.396
289.663	105.777	202.594
343.067	94.558	262.221
289.809	179.999	193.934
274.87	95.664	254.042
345.239	152.99	263.729
313.268	176.046	220.541
304.872	94.199	232.659
346.302	167.866	242.108
291.38	91.938	261.51
343.655	164.465	255.108
303.399	174.608	214.94
354.501	92.486	180.203
348.415	170.099	248.84
326.579	175.568	219.549
359.703	111.718	182.807
349.925	161.163	180.286
334.646	170.191	230.044
311.609	144.283	266.344
293.204	108.773	257.602
359.481	92.724	186.567
270.917	95.358	262.644
318.849	175.219	222.496
352.359	91.534	269.368
287.477	175.177	209.664
276.784	92.806	262.793
307.58	156.047	253.792
274.708	100.923	268.767
291.737	167.611	206.107
348.016	174.11	185.752
296.439	177.508	213.16
354.251	120.481	181.986
337.115	175.995	249.584
274.782	96.846	256.929
314.326	131.973	185.631
326.793	170.849	239.042
286.936	173.698	196.829
347.154	165.352	248.919
291.973	174.994	195.615
342.254	136.53	261.362
304.18	173.958	208.321
289.529	133.748	217.736
278.539	173.794	265.836
298.384	174.059	200.18
317.682	167.709	229.698
282.983	175.705	180.077
348.014	106.055	185.551
277.658	94.114	202.284
278.995	176.254	180.211
307.742	111.312	256.462
351.137	98.203	264.507
279.097	93.964	268.495
351.351	109.257	263.298
272.563	95.587	254.915
270.516	91.955	269.052
317.141	102.031	181.445
351.787	106.806	187.073
349.252	117.045	264.169
280.739	96.056	263.982
301.751	93.165	253.124
273.898	93.641	264.636
296.066	99.502	187.644
291.468	173.958	202.034
309.862	175.014	217.745
287.029	152.463	262.809
345.399	169.111	254.289
332.094	119.823	263.576
305.954	114.258	259.939
294.682	141.853	191.401
349.313	170.14	252.279
310.208	115	185.147
283.305	96.119	239.726
282.074	96.918	186.702
285.725	96.376	262.779
359.033	91.336	268.201
344.094	108.227	266.421
359.794	100.693	268.484
310.505	101.954	186.946
331.572	168.498	257.36
274.829	96.459	195.774
270.753	90.869	265.781
324.53	124.167	188.377
348.934	150.288	257.571
306.954	168.954	214.627
311.376	170.557	206.195
292.918	106.137	190.297
272.153	93.578	189.597
284.068	95.536	260.497
338.12	175.261	251.246
279.564	91.144	265.669
283.42	173.942	268.649
284.703	159.626	246.447
328.221	169.354	248.175
329.218	177.39	229.245
314.707	105.383	248.735
351.708	110.341	267.976
338.87	174.161	261.933
306.871	173.418	211.139
283.472	91.756	220.722
355.388	155.79	268.772
335.906	148.75	253.671
283.827	173.762	187.589
326.515	173.682	235.252
286.109	91.28	198.482
327.493	90.843	260.241
300.235	104.787	229.753
327.098	129.244	198.985
346.797	156.839	269.742
294.44	176.997	189.589
279.962	92.092	205.83
355.993	167.409	261.337
286.95	178.266	199.908
281.989	91.471	194.585
271.626	91.579	266.77
306.561	121.065	190.157
306.358	108.472	255.454
343.031	148.646	261.016
351.93	144.617	262.296
299.123	169.411	222.079
345.618	150.238	238.504
278.292	101.265	227.539
282.058	95.671	195.255
306.039	122.002	255.272
344.154	96.068	264.702
346.484	165.283	260.628
347.077	108.049	184.988
352.29	92.846	180.634
337.626	101.926	195.911
279.053	126.043	199.337
275.103	174.645	263.114
281.596	96.107	252.232
348.599	147.799	262.205
272.73	178.386	182.826
272.84	174.213	181.612
272.675	95.316	253.701
355.375	125.565	180.945
336.697	168.255	249.123
280.135	174.934	258.049
310.846	165.078	207.582
341.99	170.305	238.323
287.774	137.699	222.186
359.069	110.419	192.201
351.757	146.85	181.571
276.666	121.116	192.819
275.051	100.032	239.136
275.188	92.445	266.589
293.616	176.65	205.747
282.47	111.656	199.306
348.53	143.111	181.544
314.175	116.794	268.921
355.836	107.676	182.087
351.867	173.843	246.511
341.139	159.154	261.29
303.921	127.367	226.111
313.691	173.09	237.186
355.512	171.417	258.502
283.198	98.841	211.232
337.093	151.875	266.633
359.077	122.993	235.513
276.175	118.647	209.609
347.805	102.203	180.92
355.495	123.863	215.242
324.999	173.975	229.223
354.284	172.708	258.78
291.597	90.698	266.718
271.662	95.979	183.887
303.908	172.989	214.825
276.49	96.082	241.133
300.386	111.318	234.67
275.282	100.092	250.15
276.422	171.061	251.751
343.968	173.859	252.02
339.919	146.383	205.066
356.979	163.325	250.4
282.396	95.495	263.048
293.088	173.105	204.676
276.043	173.267	194.541
350.167	113.078	263.205
351.491	124.255	180.709
358.286	173.603	268.657
314.526	176.65	212.691
343.907	154.565	254.154
359.165	91.964	182.087
354.35	136.284	232.277
276.878	169.968	267.056
284.316	134.359	250.718
271.126	175.478	184.452
290.02	169.157	211.82
278.493	97.244	180.788
308.948	107.024	255.011
129.277	101.146	252.787
130.774	138.423	205.401
112.245	174.702	200.595
94.18	179.225	197.134
100.468	175.752	186.6
122.46	94.137	252.471
113.553	173.105	214.657
134.339	176.123	212.735
162.96	166.368	264.93
135.457	173.018	221.167
155.472	120.696	255.943
94.246	90.414	242.086
165.426	161.79	255.69
92.005	92.34	190.756
93.573	116.581	254.962
169.151	146.45	259.491
178.907	91.549	263.466
128.464	138.746	231.492
90.728	90.654	184.96
164.643	101.204	182.763
99.841	161.452	198.381
154.618	110.885	266.185
173.905	165.112	180.706
101.481	173.494	191.555
94.04	91.247	257.887
167.56	168.657	264.584
117.939	168.255	201.408
167.398	172.612	255.443
107.617	174.283	192.893
99.569	93.61	188.894
111.46	166.752	220.181
179.684	99.551	266.482
123.133	174.283	213.88
116.807	172.64	216.72
159.249	98.625	194.365
174.188	149.721	260.931
93.645	90.096	263.235
109.4	173.635	205.725
179.061	101.317	267.179
149.949	95.59	257.703
167.354	95.833	267.407
178.264	97.509	185.356
113.77	140.79	265.224
168.832	99.686	181.958
167.319	169.809	188.993
100.152	94.348	248.362
94.441	105.948	237.713
175.715	91.382	260.06
91.519	175.946	186.254
174.586	175.8	268.237
92.115	177.099	266.174
156.241	163.246	237.463
98.94	94.83	258.582
140.992	169.037	234.48
173.523	146.065	258.497
143.771	140.174	268.912
174.853	169.478	255.08
154.157	144.872	241.047
95.147	95.75	186.109
115.728	100.989	249.21
166.871	162.743	245.415
148.784	150.263	235.255
146.861	173.163	248.411
99.509	99.778	181.25
97.158	94.656	186.705
164.888	124.036	183.821
150.193	172.791	226.432
170.851	114.38	210.304
172.062	110.606	269.366
172.589	99.578	264.243
97.713	90.212	245.851
116.541	97.629	230.97
91.816	91.99	190.94
108.367	177.39	216.673
176.872	153.14	248.757
173.284	110.741	269.157
93.106	90.182	189.534
174.232	117.057	259.675
171.474	149.321	267.781
170.134	92.218	188.061
152.89	93.2	187.284
128.651	172.681	229.226
173.663	100.569	264.205
133.147	174.497	229.465
98.831	173.541	207.357
103.297	90.813	180.56
141.195	142.226	181.942
96.919	99.204	189.476
92.206	92.605	261.452
93.145	94.258	181.736
116.08	179.105	215.273
92.175	97.288	197.702
91.447	97.137	264.619
96.359	169.978	267.454
134.614	173.134	235.436
146.018	179.999	251.754
99.102	95.441	264.147
119.801	128.722	189.361
158.56	167.891	228.108
177.02	143.239	267.586
125.525	175.682	198.559
178.489	172.385	267.141
150.171	176.561	239.465
104.722	97.181	184.697
169.546	153.187	181.574
144.096	154.395	260.057
95.345	91.123	254.789
153.865	123.865	263.512
147.194	140.172	182.475
151.737	90.035	208.291
173.941	155.535	250.403
174.509	95.288	258.148
166.467	98.639	183.617
121.554	173.357	206.395
119.488	178.657	197.337
119.164	175.054	193.489
166.214	173.827	234.14
93.442	92.522	213.402
99.443	91.982	245.802
103.574	100.83	185.576
108.957	177.204	214.16
102.146	90.367	197.073
153.577	159.262	262.307
167.714	145.5	268.995
101.566	90.448	180.396
156.335	122.744	254.13
124.718	172.722	210.999
165.228	159.843	245.719
173.779	101.224	183.068
174.77	112.246	269.865
139.572	173.942	228.567
163.808	149.6	186.735
127.605	114.116	216.069
167.687	169.898	186.177
136.243	140.837	242.187
177.484	147.734	259.906
133.68	126.776	225.575
168.838	111.887	264.77
157.785	172.599	251.743
119.985	95.552	258.42
170.67	170.451	248.538
167.387	169.065	266.655
134.74	173.076	239.611
150.136	162.544	202.221
162.734	170.222	253.072
95.37	91.338	245.607
153.86	169.111	251.166
156.307	168.376	228.339
166.055	147.362	266.495
176.907	154.835	242.094
166.876	163.782	252.136
95.864	91.577	186.1
108.183	178.657	190.871
176.817	145.259	217.898
102.495	90.948	188.237
157.538	91.009	255.717
119.444	173.811	216.119
92.796	97.826	182.431
179.404	135.9	193.588
94.93	176.281	266.306
139.682	91.177	226.504
176.034	174.571	268.888
93.719	176.228	265.111
109.306	105.937	186.845
98.144	130.292	218.022
100.363	96.968	213.564
117.263	174.74	197.565
92.261	94.414	181.445
159.43	96.44	234.884
101.259	90.986	196.785
128.143	173.992	217.926
175.88	152.162	267.476
123.773	173.433	208.552
107.694	144.068	252.517
103.494	173.746	201.674
151.292	156.111	265.141
91.876	96.033	206.742
175.729	165.201	180.571
117.417	96.519	268.245
121.691	95.042	224.905
113.196	173.843	187.982
127.879	172.504	233.395
172.639	162.318	263.364
165.399	147.793	252.075
167.731	172.28	258.519
96.381	96.468	202.775
92.137	129.422	243.764
163.374	172.585	254.605
114.86	175.946	202.243
179.357	142.995	213.894
115.948	101.709	246.637
176.792	167.875	242.805
99.218	94.848	269.725
92.274	96.892	269.615
136.702	99.47	208.59
155.253	99.409	259.917
125.948	107.371	254.781
178.151	143.07	180.478
105.244	95.195	220.656
151.992	146.94	255.824
110.345	93.294	210.96
128.148	98.714	253.611
92.609	90.565	248.969
92.28	93.435	205.258
174.677	96.968	187.152
95.029	93.61	188.454
159.565	170.089	244.618
178.473	103.856	261.208
167.797	113.23	268.855
134.543	91.226	264.864
122.875	173.714	208.057
169.219	102.67	187.391
146.837	177.548	239.732
175.311	165.078	183.958
164.913	102.588	266.116
117.371	174.817	206.714
176.091	156.477	182.321
98.07	161.049	240.949
90.321	99.659	264.026
99.605	97.412	260.944
151.275	96.837	187.987
162.051	145.232	268.319
98.715	92.384	211.716
110.85	131.383	188.726
126.066	169.26	228.764
94.304	90.855	205.228
94.771	92.668	237.194
167.61	102.174	264.314
138.762	162.62	247.67
178.962	168.178	184.738
163.918	174.479	245.025
173.891	173.076	264.474
177.86	170.14	265.394
94.735	90.346	269.289
114.495	178.584	211.85
96.136	99.878	184.606
127.044	172.918	218.876
178.723	123.493	183.551
107.145	174.759	180.813
165.489	167.842	258.049
123.682	175.995	211.653
103.431	172.791	193.354
162.82	148.926	259.313
167.937	173.73	253.429
179.22	114.723	269.687
119.293	175.995	206.769
90.544	172.694	256.797
101.105	96.758	185.452
123.366	134.403	224.114
170.59	139.908	264.921
99.078	95.032	215.405
101.75	94.744	197.499
97.586	178.325	181.022
97.864	175.5	195.667
144.623	173.975	221.955
176.602	146.857	263.12
175.666	155.978	204.272
98.754	92.942	233.697
160.268	161.656	245.165
97.476	178.101	188.542
170.085	114.69	182.81
173.812	152.978	253.377
92.423	91.04	198.51
91.621	90.957	191.899
175.949	105.439	184.521
109.452	101.167	256.102
150.369	95.843	268.605
163.504	107.397	185.941
177.023	170.643	185.526
93.37	97.384	268.033
126.542	178.734	224.592
102.217	91.933	191.239
164.152	175.014	259.472
175.567	124.281	180.975
150.383	147.678	206.459
102.448	90.15	263.897
137.526	178.049	220.274
90.494	95.025	259.31
90.464	92.701	186.342
93.598	94.562	190.176
164.182	157.698	261.722
97.158	99.089	210.642
139.646	115.47	252.202
110.106	172.961	206.475
179.011	126.336	189.501
115.074	174.914	219.915
96.628	92.276	249.661
137.067	105.837	218.571
91.263	96.063	192.522
122.435	103.634	215.948
168.843	125.132	203.72
100.511	101.8	265.765
175.798	115.079	244.266
107.543	143.021	257.038
133.587	174.589	224.532
167.346	165.952	194.244
162.026	175.682	260.936
116.362	130.171	258.777
159.345	149.94	252.185
147.183	168.161	241.547
175.27	91.915	182.483
117.516	173.556	208.714
127.519	175.478	215.965
91.285	169.25	253.97
170.969	150.238	259.771
94.076	90.656	262.364
91.816	174.721	263.512
138.97	172.626	227.932
179.286	165.297	181.233
167.538	155.888	266.844
160.062	148.906	269.396
109.663	105.777	202.594
163.067	94.558	262.221
109.809	179.999	193.934
94.87	95.664	254.042
165.239	152.99	263.729
133.268	176.046	220.541
124.872	94.199	232.659
166.302	167.866	242.108
111.38	91.938	261.51
163.655	164.465	255.108
123.399	174.608	214.94
174.501	92.486	180.203
168.415	170.099	248.84
146.579	175.568	219.549
179.703	111.718	182.807
169.925	161.163	180.286
154.646	170.191	230.044
131.609	144.283	266.344
113.204	108.773	257.602
179.481	92.724	186.567
90.917	95.358	262.644
138.849	175.219	222.496
172.359	91.534	269.368
107.477	175.177	209.664
96.784	92.806	262.793
127.58	156.047	253.792
94.708	100.923	268.767
111.737	167.611	206.107
168.016	174.11	185.752
116.439	177.508	213.16
174.251	120.481	181.986
157.115	175.995	249.584
94.782	96.846	256.929
134.326	131.973	185.631
146.793	170.849	239.042
106.936	173.698	196.829
167.154	165.352	248.919
111.973	174.994	195.615
162.254	136.53	261.362
124.18	173.958	208.321
109.529	133.748	217.736
98.539	173.794	265.836
118.384	174.059	200.18
137.682	167.709	229.698
102.983	175.705	180.077
168.014	106.055	185.551
97.658	94.114	202.284
98.995	176.254	180.211
127.742	111.312	256.462
171.137	98.203	264.507
99.097	93.964	268.495
171.351	109.257	263.298
92.563	95.587	254.915
90.516	91.955	269.052
137.141	102.031	181.445
171.787	106.806	187.073
169.252	117.045	264.169
100.739	96.056	263.982
121.751	93.165	253.124
93.898	93.641	264.636
116.066	99.502	187.644
111.468	173.958	202.034
129.862	175.014	217.745
107.029	152.463	262.809
165.399	169.111	254.289
152.094	119.823	263.576
125.954	114.258	259.939
114.682	141.853	191.401
169.313	170.14	252.279
130.208	115	185.147
103.305	96.119	239.726
102.074	96.918	186.702
105.725	96.376	262.779
179.033	91.336	268.201
164.094	108.227	266.421
179.794	100.693	268.484
130.505	101.954	186.946
151.572	168.498	257.36
94.829	96.459	195.774
90.753	90.869	265.781
144.53	124.167	188.377
168.934	150.288	257.571
126.954	168.954	214.627
131.376	170.557	206.195
112.918	106.137	190.297
92.153	93.578	189.597
104.068	95.536	260.497
158.12	175.261	251.246
99.564	91.144	265.669
103.42	173.942	268.649
104.703	159.626	246.447
148.221	169.354	248.175
149.218	177.39	229.245
134.707	105.383	248.735
171.708	110.341	267.976
158.87	174.161	261.933
126.871	173.418	211.139
103.472	91.756	220.722
175.388	155.79	268.772
155.906	148.75	253.671
103.827	173.762	187.589
146.515	173.682	235.252
106.109	91.28	198.482
147.493	90.843	260.241
120.235	104.787	229.753
147.098	129.244	198.985
166.797	156.839	269.742
114.44	176.997	189.589
99.962	92.092	205.83
175.993	167.409	261.337
106.95	178.266	199.908
101.989	91.471	194.585
91.626	91.579	266.77
126.561	121.065	190.157
126.358	108.472	255.454
163.031	148.646	261.016
171.93	144.617	262.296
119.123	169.411	222.079
165.618	150.238	238.504
98.292	101.265	227.539
102.058	95.671	195.255
126.039	122.002	255.272
164.154	96.068	264.702
166.484	165.283	260.628
167.077	108.049	184.988
172.29	92.846	180.634
157.626	101.926	195.911
99.053	126.043	199.337
95.103	174.645	263.114
101.596	96.107	252.232
168.599	147.799	262.205
92.73	178.386	182.826
92.84	174.213	181.612
92.675	95.316	253.701
175.375	125.565	180.945
156.697	168.255	249.123
100.135	174.934	258.049
130.846	165.078	207.582
161.99	170.305	238.323
107.774	137.699	222.186
179.069	110.419	192.201
171.757	146.85	181.571
96.666	121.116	192.819
95.051	100.032	239.136
95.188	92.445	266.589
113.616	176.65	205.747
102.47	111.656	199.306
168.53	143.111	181.544
134.175	116.794	268.921
175.836	107.676	182.087
171.867	173.843	246.511
161.139	159.154	261.29
123.921	127.367	226.111
133.691	173.09	237.186
175.512	171.417	258.502
103.198	98.841	211.232
157.093	151.875	266.633
179.077	122.993	235.513
96.175	118.647	209.609
167.805	102.203	180.92
175.495	123.863	215.242
144.999	173.975	229.223
174.284	172.708	258.78
111.597	90.698	266.718
91.662	95.979	183.887
123.908	172.989	214.825
96.49	96.082	241.133
120.386	111.318	234.67
95.282	100.092	250.15
96.422	171.061	251.751
163.968	173.859	252.02
159.919	146.383	205.066
176.979	163.325	250.4
102.396	95.495	263.048
113.088	173.105	204.676
96.043	173.267	194.541
170.167	113.078	263.205
171.491	124.255	180.709
178.286	173.603	268.657
134.526	176.65	212.691
163.907	154.565	254.154
179.165	91.964	182.087
174.35	136.284	232.277
96.878	169.968	267.056
104.316	134.359	250.718
91.126	175.478	184.452
110.02	169.157	211.82
98.493	97.244	180.788
128.948	107.024	255.011
