 133.0761   43.7517  190.6491
  175.5419   27.9154  168.7811
  167.4479   38.7106  210.6562
  154.8652   25.1071  221.0223
  154.4792   14.5477  189.2659
  111.5583    9.5745  245.8215
  129.4730   27.5581  243.8816
  117.2259   31.6641  255.7875
  163.5368   31.1268  216.8702
   98.7819   34.7171  297.8143
   91.6389   15.6665  271.3737
  146.6295   18.0348  199.6449
  146.6476   20.9092  186.3052
  172.9804   27.4523  226.5511
  113.5795   37.4025  268.9069
  136.8122   12.2750  217.0083
  121.8610   46.5892  240.9206
  120.5370   13.6760  219.9540
  154.4322   32.4041  242.9472
  170.0345   31.9953  206.4556
  149.6389   46.8681  225.2689
  176.0679   36.0034  161.8369
   98.0513   43.7238  219.5634
  176.1721   24.5636  170.0006
  169.1393   38.4568  179.8312
  128.3498   37.9238  252.3251
   99.7058   32.6404  252.5931
  132.6508   42.6318  200.4086
  138.1298   29.2673  183.2028
  129.2185   55.7942  210.7757
  147.7241   19.4858  196.5107
  150.5180   15.8367  229.7547
  162.3861   49.0256  227.1871
   92.3006   14.0374  289.9783
  109.3310   21.5142  267.3140
  172.4991   29.4506  190.2461
  139.4506    9.7743  223.8839
  153.6593   25.0588  187.3295
  113.4454   19.7055  203.3188
  148.3555   29.1771  192.8418
  163.8481   41.5519  159.2469
  150.8507   12.3485  218.6442
  153.9905   45.9603  166.5758
   99.5612   24.7950  303.7853
  134.2716   17.0089  221.0994
  231.2623    2.1416  144.2824
  148.9394   38.9359  183.1856
  103.2743   41.1744  300.1863
  111.1992   39.7535  237.9501
  163.0171   31.2097  229.2668
  134.4244   33.7843  181.2134
  140.6495   52.1941  201.2432
  174.9998   37.7059  189.7157
  144.3023   11.2199  197.1280
  181.0176   43.8211  223.0778
  179.0467    1.4738  214.2077
  152.5044   25.4079  178.3924
  180.5628    5.7592  163.5251
  115.1029   16.4827  281.1630
   94.1569   35.4929  263.1116
  127.8998   16.7235  264.4940
  142.3327   38.9916  198.3626
  128.1446   45.6487  222.0890
  135.7321   46.6591  229.1507
  108.9434   13.4176  225.3065
  122.0713   53.7454  212.7040
  155.1995   42.6992  195.7957
   98.5880   21.9203  242.1849
  110.6433   26.4308  239.3719
  107.1528   20.5403  277.5876
  126.9236   19.4860  237.8936
  171.4894   28.7085  192.0655
   90.0000    7.5000  298.5000
   93.7500   42.5000  247.7500
  132.2079   15.7367  233.0502
  147.0087   44.3811  182.2538
  163.2403   31.0226  177.4888
  121.0943   29.1325  203.9283
  151.4710   28.8418  205.6275
  208.0744    2.8302  148.4391
  101.0863    9.3165  280.3651
   96.2504   17.6471  231.0961
  115.9685   35.9505  266.0817
  135.0000    7.5000  245.5000
  161.0345   44.8049  164.8628
  213.3110    4.1485  147.7795
  136.5981   10.6068  227.2041
  132.4579   25.4449  214.4527
  160.7357   31.7104  201.8142
  132.2629   30.7807  253.9442
  106.7631   29.4072  241.5070
  132.1551   39.9231  260.7765
  149.7879   23.1641  169.7506
  140.6984   37.6100  171.2764
  169.5855   16.3192  215.7412
  128.2993   20.8539  230.6537
  162.0063   33.8399  167.2461
  165.6348   24.5068  213.2912
   94.4451   18.0522  305.4335
  178.3410   44.3086  158.1874
  149.6433    7.1947  198.4202
  141.0450   22.3917  210.3690
  176.3334   26.8813  201.6959
  118.7958   31.5735  241.6631
  121.0639   52.9862  221.5465
  169.8544   29.7483  181.2372
  186.4238    4.4206  149.1499
  154.9321   45.8651  184.9037
  156.3246   30.9720  220.8437
  170.7004   20.7920  211.9529
  161.4591   39.1113  192.8781
  125.8367   27.6941  226.0423
  151.5074   14.6554  231.5898
  166.2410   41.5861  209.5441
  165.2478   38.9597  181.8655
  144.3006   12.2375  237.1684
  157.9326   14.2056  223.8342
  135.0000    7.5000  244.5000
  137.5735   22.2984  218.2333
  173.6541   30.7792  178.9175
  162.8511   45.4833  181.1434
  173.6403   26.9191  222.8571
  169.2378   23.4721  175.9382
  175.7420   28.5982  174.5790
  132.2509   10.9621  246.9684
  169.9041   45.0217  187.7086
  110.3851   40.2455  255.0227
  116.6422    7.5737  198.0816
  148.2693   10.9752  198.8486
  209.3891    1.3463  175.6391
  178.6275   45.2246  155.5808
  161.6002   27.4289  226.8062
  137.7737   17.1821  259.9513
  142.3128   22.6077  209.7262
  171.3596   22.0932  221.3855
  145.0030   11.6381  180.4558
  105.1098    5.6785  274.9870
  198.6349    1.6747  172.3546
  131.8710   31.8372  219.9812
  183.7386   23.3793  189.0148
  218.9355    2.6778  135.6244
  160.1682   13.9044  214.6969
  184.5951   12.9871  162.9837
  160.9475   32.8425  166.6531
  166.5318   34.4520  167.5283
  153.7266    4.1474  187.2477
  170.8524   37.3980  214.6302
  158.0880   36.0023  159.2071
  167.9851   24.4986  189.8089
  168.2615   29.3777  159.6243
  156.8336   14.9470  219.6723
  172.2933   28.1265  181.3479
  150.6347   25.7271  237.1214
  155.6837   19.8173  178.9224
  111.1270   10.4629  205.1214
  155.3031    6.5315  237.5527
  142.2985   39.1743  245.5171
  159.7829   10.8562  231.9477
  108.0042   31.3482  250.3839
  109.2274   38.0106  265.8853
  126.0000   17.5000  237.5000
  124.9236   40.7340  192.7614
  117.6946   24.9006  242.3391
  151.4299   38.2008  167.1517
  156.9506   43.2691  189.8613
  179.9459   13.3627  172.6284
  115.0381   26.9160  269.4926
  170.0410   30.0710  162.4106
   98.4865   35.5564  277.5185
  163.5707   14.3172  197.8943
  112.6768   40.6706  266.8577
  105.5926   31.8318  273.9784
  104.0512   42.4589  208.7393
  151.9894   32.7124  170.6156
  133.6172   31.8945  255.0940
  141.9112   49.8021  194.7569
  159.4763   34.5358  194.8952
  153.9485   35.8043  181.9882
  169.8948   33.8725  196.6153
  114.3895   22.4869  255.0531
  135.9833   16.1522  245.8957
  102.4525   20.1879  269.4132
  200.8963    4.7695  145.2005
  170.4549   21.0411  150.0135
  121.6878   26.0267  258.2904
  162.0848   34.8553  209.1815
  142.4794    7.5927  169.2269
  173.3355   34.0462  209.7358
  167.8220   33.1986  163.0020
  172.0429   22.9179  219.8320
  137.9162   42.1745  258.8199
  149.3616   35.9844  177.9809
   96.2619   16.0594  293.0469
  141.3918   31.4138  249.1553
  143.6312   49.5618  214.1150
  113.3362   21.5975  265.1918
  160.2581    9.2898  196.9544
  148.9500   29.9873  172.8631
  140.5281   39.6289  190.7420
  159.5574   27.3711  217.9837
  151.9876   38.7885  207.5639
  129.0359   24.6064  221.0378
  108.8009   11.3204  290.4156
  182.4327    2.3411  173.5501
   95.5296    4.0221  292.3023
  197.7689    0.5168  201.2843
  173.7610   31.1618  220.3750
  176.5939   13.9583  142.6562
  179.4819   44.2170  179.9185
  109.3685   14.7204  279.2038
  164.9548   26.6428  175.4264
  165.5490   38.8148  156.6274
  126.9030   46.9472  255.5988
  151.8666   20.4756  243.4112
  149.1695   14.3314  181.8550
  169.3861   16.8842  154.6324
  179.7647   24.5123  209.2932
  104.5628   25.1086  272.2604
  134.5339   38.1299  240.2701
  154.4040   53.3928  220.4390
  173.4083   25.8803  219.7948
  248.9465    2.3347  134.1467
  141.7326   29.5310  247.1316
  155.2918   20.3423  214.7210
  166.0428   25.2155  199.9088
  155.7525   16.9431  217.5774
   92.4768   16.8384  219.2752
  151.5923   27.8209  204.0175
  144.4751   38.5090  226.1669
  184.8633   14.7430  164.5794
   84.6354    3.1364  316.3472
  158.7563   43.1518  167.0789
  126.7983   37.0913  244.0337
  112.7932   46.5342  236.0828
  167.4783   41.1512  159.3916
  111.9425   12.0953  262.3446
  162.7182   21.8805  183.3252
  174.6469   29.5232  190.5682
  119.6220   35.7051  223.5711
   74.0974    4.7794  309.3626
  162.3382   35.9442  162.4950
  126.0000   17.5000  207.5000
  135.0000   27.5000  210.5000
  151.5022   33.1886  212.2096
  161.0603   28.5087  220.3015
  172.3069   24.9478  157.5865
  156.5067   44.5655  212.7699
  140.8217   46.5906  253.9848
  164.1535   28.9539  201.1375
  170.7259   19.5831  204.2258
  171.3445   20.6616  180.1653
  171.6316   46.3964  180.1933
   91.8921   33.5975  306.5063
  135.3075   11.9840  219.9535
  179.4878   23.4597  165.9808
  111.2707   41.6471  222.3234
  177.1123   23.5975  196.4021
  158.8310   39.1178  179.1879
  189.9137   12.0859  200.5608
  158.5538   37.9627  178.0393
  142.6326   27.1802  180.4113
  170.9985   15.6369  180.5224
  168.5895   23.3588  188.4852
  142.3867   39.9271  174.7909
  168.7500   42.5000  180.7500
  121.0960   50.6353  212.0298
  179.5711   34.7494  204.6546
   98.6001   16.7203  239.4866
  151.3600   42.7044  174.4893
  162.6094   34.0138  166.7718
  166.7996   41.5260  153.9215
  106.5628   33.3977  226.8742
  133.4402   15.1591  209.6435
  167.6994   33.2405  189.1343
  153.1470   32.5746  232.5818
  172.4877   40.1115  145.3676
  154.4750   44.7549  179.7683
   95.4660   31.3055  258.9298
  169.2931   49.0435  223.2373
  132.4440   45.1807  184.3696
   95.6948    6.7915  249.9619
  163.4921   33.7859  154.6745
  138.1005   25.6526  238.1835
  149.7957   45.7177  179.2494
  158.7236   16.7729  232.9249
  162.8722    9.2871  193.4135
  171.9003   20.6554  198.8778
  165.6146   15.9338  162.0974
  147.7256   18.8333  185.6918
  188.3645    5.3949  167.7318
  169.2409   30.9561  175.3231
  168.3239   32.5960  205.3208
  136.6837   19.7107  225.8230
  161.7116   51.4617  205.1582
  140.9378   26.2784  184.5883
  164.8921   21.7794  164.2724
  151.0281   22.0039  213.4579
  109.7892    9.7684  233.9142
  127.9044   33.0928  215.3081
  163.6375   43.4648  164.9479
   95.4485   39.9274  263.4909
  163.4486   50.6781  198.0053
  157.5000   27.5000  168.0000
  126.0149   35.7241  267.3408
  154.7158   15.7624  202.9222
  126.7257   45.9831  187.1637
  181.9365   23.7648  156.5400
  153.2327   35.9890  201.5834
  130.6105   25.7888  237.3093
  151.4446   19.0599  220.4105
  144.5803   35.8357  192.2958
  144.0000   17.5000  212.5000
  164.6689   18.0810  171.0714
  170.1049   33.7084  201.4367
  143.9291   33.9109  183.2743
  105.2928    9.4085  253.3251
  152.4890   21.6124  221.9043
  121.9308   18.7532  208.7535
  152.0129   24.7588  159.8156
  165.6515   16.4808  162.2985
  104.5364   17.6877  220.1350
  163.7799   33.1500  207.7194
  161.6623   35.8148  162.1005
  158.4301   17.8632  191.2430
  169.6847   32.9059  189.0520
  164.5241   15.8643  158.1556
  151.7538   18.9195  160.1139
  179.0181   32.3519  199.4748
  139.4175   12.9294  206.4603
  167.1345    5.9477  190.9812
  171.8182   37.5000  191.6818
   99.0567   40.4781  275.3197
  177.5285   45.8480  178.3309
  129.6973   41.7766  269.8847
  167.0755   30.9220  160.5188
  173.4180   28.9580  169.8439
  109.8506   35.6134  277.3157
  184.7518   12.8521  197.8267
  126.0487   30.3752  273.1635
  116.0503   25.8269  255.2836
   96.5156   34.1196  285.3635
  167.6582   39.9599  165.4183
  106.3661   31.3675  262.0121
  134.4667   18.5171  232.4274
  169.4570    4.2972  202.8885
  103.2638   30.5518  290.7561
  159.7293   36.3711  219.6468
  160.0661   28.9519  157.2942
  142.7645   12.1289  185.7119
  149.6380   39.8844  177.3617
  139.1649   21.6794  229.3726
  168.1171   38.0780  226.3409
  135.1548   12.7436  225.1190
  149.5039   49.0960  192.3724
  141.3489   20.3127  237.6329
  162.6380   37.7147  184.8537
  100.6074   11.2077  288.6289
  155.7178   27.7008  209.3537
  134.6253   47.0617  195.4103
  174.9388   44.0096  196.7402
  106.3421   19.7497  264.3185
  173.7682   17.0434  199.5654
  175.5000   32.5000  197.0000
  166.4783   21.2746  176.8198
  159.6938   36.3603  188.7361
  127.9928   31.8404  205.8089
  157.9705   38.5847  160.5085
  176.5486   44.8005  149.4907
  155.9395   48.2819  243.7754
  171.5655   29.9579  195.2614
  113.8443   20.9201  250.5215
  142.3584   45.4016  216.6592
  109.5252   16.6043  274.9291
  162.9936   29.7556  178.1744
  171.0832   28.4915  204.4501
  160.9437   38.2992  229.7144
  122.1979   27.7542  223.9033
  128.5117    9.0941  254.3771
  130.0959   11.1216  222.0931
  165.0228   38.0304  179.6549
  182.8392   41.6168  188.8552
  180.8596   35.2442  147.0010
  166.3404   23.2463  165.0581
  168.9713   36.6577  170.4620
  143.7020   23.4327  194.7918
  150.3543   12.0059  235.3518
  120.9468   35.3005  271.3012
  173.8950   36.7915  154.8195
  169.6844   17.5075  206.6272
  162.4439   25.9459  164.9011
  151.5450   33.5291  189.8916
  149.7019   47.5317  195.2445
  144.3568   36.0618  227.1883
   99.4532   15.8195  224.4866
  157.5000   27.5000  179.0000
  135.8123   30.3271  247.1580
  176.0759   30.1121  150.8288
  159.9086   14.1055  213.2598
  226.4905    3.5418  147.5850
  154.4436   12.3665  203.9800
  134.9327   35.0136  213.0066
  101.3104   22.7377  247.0093
   94.2092   27.6326  247.2135
  125.8808   39.9987  198.3582
  176.8756    6.0419  163.2124
  140.5075   49.8474  203.7060
  154.7916   18.4682  216.2307
  164.2593   23.8657  146.9718
  161.9033   36.2533  198.8633
  117.2802   34.7376  203.0196
  175.8711   39.9404  182.2118
  149.2864    7.6864  213.7823
  150.3871   41.0436  187.2682
   96.7904   19.3190  266.7790
  127.1299   42.8022  249.7206
  183.4155   14.6693  165.0347
  133.4800   22.9000  193.3949
  144.1662   28.4060  187.9010
  150.1443   28.0377  208.2485
  183.3521   23.8007  195.4782
  144.6495    8.1765  215.7006
  112.5000   32.5000  208.0000
  169.9673   36.4254  164.6374
  123.7634   38.2532  188.0965
  149.9274   46.5181  211.0185
  153.7747    9.6708  213.6221
  157.1893   35.2999  164.2390
  114.1586   39.7403  267.1730
  140.1065   54.4843  205.6597
  125.5499   37.0495  251.7944
  127.7802   29.5425  209.1890
  170.7955   17.0821  201.8929
  116.2500   42.5000  210.2500
  138.8172   27.5951  233.3832
  173.6104   38.8775  153.5410
  160.7476   12.8130  231.0553
  150.3335   12.8562  210.9151
  159.7487   42.5556  188.7807
  174.3592   25.6674  177.1634
  165.7750   21.1589  218.6303
  115.5775   49.9881  220.0565
  156.6713   25.2536  164.0781
  122.5996   24.0177  280.0932
  161.4346   15.0252  174.9947
  140.5563   24.2469  256.9512
  132.3393   24.2200  229.4934
  169.5288   25.0806  177.2174
  162.5265   38.1685  177.9555
   91.7176    6.2171  272.5445
   95.0037   27.3267  259.6007
  167.8089   36.4860  169.3738
  152.9089   37.8695  187.7672
  136.3420   17.9809  237.6929
  176.2021   24.1514  198.0673
  103.6637   18.9479  232.0146
  143.4636   42.3201  209.2232
  158.2151   38.4619  196.4241
   99.4769   19.9197  284.2477
  149.0840   42.8479  185.7210
   90.0000    7.5000  295.5000
  149.0009    4.6599  234.6185
  115.6579   34.4904  197.5735
  119.5007   33.8361  239.6841
  185.0725    5.1782  128.0608
  128.7485   27.2763  260.8543
  125.2209    7.4093  215.0586
  134.0107   42.7875  228.7745
  175.7120   35.6814  155.7787
  120.2959   41.7921  207.2307
  120.6850   32.2284  269.5813
  101.5079   25.0026  278.5186
  172.9937   40.5964  148.7229
   97.9488   21.6968  265.5212
  122.0544   29.7094  281.5441
  172.1793   43.7266  176.4537
  178.0463   25.5124  199.5324
  163.2245   24.1108  179.0353
  167.0106   33.9505  168.3334
  105.2813   21.2696  263.1605
  107.5727    6.6701  221.6021
   92.9910   25.2118  285.0268
  165.0312   40.1656  188.7957
  148.8680   11.2885  190.3069
  149.3921    6.6721  214.7711
  146.7203   31.8810  182.3393
  166.6714   37.8712  226.0169
  159.1250   15.6032  165.2508
  103.9101   41.8765  214.7234
  157.7938    6.5841  193.2637
  154.7522   33.2112  230.7480
  125.7757   37.0893  237.7920
  127.4410   25.8912  251.9951
  148.9597   39.0772  169.3476
  101.4385   17.7331  244.5929
  118.5307    9.1433  220.7530
  183.0522   24.9057  207.7424
  156.5412   33.5376  214.7540
  166.7600   37.9026  209.8372
  147.0853   17.2413  225.3651
  165.0127   23.4963  224.3832
  109.7522   40.7289  277.5560
  163.1462   27.8510  195.2065
  173.2837   14.7620  191.8430
  156.9605   36.5700  237.5932
  152.4812   14.7054  179.9845
  143.0170   38.9628  243.0144
  113.4123   23.5967  220.9714
  159.6990   42.9074  183.8297
  136.8932   31.9017  178.3543
  128.2659   36.5603  242.3515
  162.0756   37.8011  197.3478
   93.3560   36.3735  261.3603
  173.4996   28.1499  191.0921
  137.4699   38.0458  195.8561
  150.1449   11.2966  180.0480
  182.6545   22.3222  203.5272
  104.6375   20.8113  246.4375
  112.5000   27.5000  217.0000
  149.0244   43.0133  180.7675
  151.2431   18.6057  229.1123
  133.6735   40.1961  248.4112
  152.1255   39.3150  211.1166
  162.3706   34.7604  221.2497
  151.2288   13.8566  185.6697
  168.8248   28.7985  155.4340
  123.4774   19.0138  279.4153
  142.0856   33.8454  182.3903
  129.3284   15.3904  249.8503
  172.2902   34.9727  180.6358
  144.0373   34.8825  192.2217
  136.1865   34.0125  184.2449
  149.3075   30.6308  171.5746
  151.2255   11.0626  207.9746
  148.5406   39.8712  186.7374
  179.3562   34.0870  158.5685
  105.5089   22.3602  259.6772
  179.9462   36.1036  186.8265
   95.8798   17.3210  241.1570
  162.1527   32.3130  238.5712
  152.8820   13.4550  200.5189
   92.6830    6.5540  281.7244
  153.3478   20.0123  238.4783
  169.6921   18.6465  218.3936
  149.7449   17.8041  223.7572
  155.2321   51.4138  195.7900
  104.0214   34.7782  253.1013
  173.3073   34.9484  182.8349
  173.3663   28.7334  227.1777
  156.7836   24.4573  230.9049
   97.2176   38.6040  238.6134
  146.2500   12.5000  189.2500
   95.8276   25.1914  260.2740
  158.4365   15.6498  197.1556
  175.9815   45.2991  167.4625
  155.4545   37.5000  229.0455
  165.1394   44.6940  155.4340
  152.5841    7.6303  221.6098
  157.4359    3.4390  197.8532
   91.7560   25.7132  292.4845
  175.4594   24.3025  158.7504
   94.9384   38.5199  268.3926
  178.6200   33.0241  185.1082
  115.1564   16.5200  256.1125
   93.4989   16.0484  289.8818
  167.1570   38.3110  164.5422
  147.3213    5.6595  231.8008
  179.1379   16.0765  210.1751
  162.0530   29.2856  194.9748
  122.7314   17.0788  268.9291
  147.3391   30.9965  232.8286
  155.4192   18.0267  197.3152
  151.6403   31.0120  215.0460
  173.9563   42.2320  200.2087
  126.8065   20.4790  265.8091
  149.5047   19.4893  188.0708
  169.9865   40.7661  145.1015
  160.2322   41.2596  206.4211
  172.8993    3.6989  161.1934
  179.8277   45.0020  148.3580
  157.8990   42.2838  221.7041
  118.4920   23.8182  232.0952
  174.1702   29.3670  195.0279
  170.7815   28.3841  148.7052
  178.3401   23.1277  206.0872
   99.0712   31.0582  290.1322
  160.9073   40.2484  176.2997
  140.8140   38.9105  182.7871
  109.4199   32.1518  255.0419
  174.2952   13.9843  174.9063
  153.4030   20.0290  245.5185
  175.2528   38.8223  180.4808
  161.5999    6.1326  175.4133
  173.2703   37.9278  185.3913
  133.7804   32.6009  233.5026
  152.7363   21.0642  221.6545
  144.7243   32.4684  259.6112
  149.9926   33.7318  190.5103
  159.6332   27.5304  208.9664
  109.7397   33.5748  264.8854
   85.5227    5.6776  286.5037
  150.3635   37.6640  172.3330
  151.1256   48.5231  241.7747
  110.0114   10.6158  216.2278
  119.4996   30.7746  269.5846
  168.5544   28.4816  143.0644
  153.0316   37.6936  175.9695
  175.8312   38.4491  182.7254
  100.7527    8.1137  295.2415
  168.2216   19.0655  217.0913
  105.8362   34.3314  285.5180
  156.2380   15.3696  246.2097
   87.8122   14.0321  314.9130
  172.8566   35.1015  177.2130
  169.6336   33.0016  187.6322
  150.4983   12.1089  232.9575
  182.1384   44.2084  205.4680
  100.0393   20.3756  270.2097
  126.5128   37.6091  253.3144
  165.5436   45.2549  188.7002
  117.7349   14.4438  264.5892
  125.0346   37.0194  265.6967
  120.2972   44.5224  238.3044
  105.8012   24.6028  267.4660
  128.6712   35.5132  245.5395
  132.8718   33.7031  194.2808
  148.2047    6.3597  225.9450
  157.5000   32.5000  181.0000
  101.1292   16.0482  282.1473
  153.0921    8.0571  192.0715
  106.0861   29.2996  254.7783
  141.4417   48.1748  240.4946
  110.7692   47.5000  225.7308
  151.7487   24.9530  241.6220
  119.8444   28.2692  228.1997
  177.0773   38.7144  173.5440
  170.2053   31.8279  175.9863
  152.2363   12.5546  187.1560
  136.1420   31.3902  233.2569
  162.3706   34.7604  221.2497
  179.8471   13.4119  192.7258
  148.3896   39.2725  244.3251
  174.5551   30.4254  143.1215
  158.7966   43.0173  202.0453
  150.2316   31.4279  164.2792
  132.3607   24.4377  188.4793
  154.8835   18.3911  201.1409
  153.0647   31.9237  202.6373
  205.8709    2.0105  191.4629
  183.8062    3.5069  173.5438
  162.6545   34.5683  176.0084
  148.5792   45.6233  164.2689
  141.1188   45.5487  175.0443
  163.1322   34.0679  208.2884
  159.2498   37.3985  187.4889
  124.7678    7.1861  189.4984
  101.3693   25.7331  291.8754
  134.1137   39.5254  254.3948
  151.0150   31.2164  210.5960
  102.5010   23.0316  262.6178
  158.2019    5.0785  211.4307
  133.4713   14.6479  229.0112
  139.0909   37.5000  191.4091
  152.6574   24.3340  180.4446
   86.1136   14.9114  312.2520
  153.3136    9.2719  183.3312
  131.2142   29.0549  263.3879
  165.9134   45.4619  226.3942
  175.8507   29.7147  168.0599
  124.4475   21.2984  255.9791
  177.0112   24.9413  156.7975
  117.0593   33.3612  272.4029
   96.7005   20.6106  265.3738
  108.0000   17.5000  273.5000
  152.7429   16.6986  172.4621
  151.1280   24.9780  197.6669
  175.8923   34.4401  173.2275
  158.3019    5.6726  189.5536
  155.4344    7.4496  217.4432
  162.4444   19.3868  170.5230
  165.6752   40.5573  213.2425
  162.6101   19.4425  168.3665
   98.7112   21.9945  237.0714
  157.5863   24.5545  197.2158
  170.4900   24.5236  224.3149
  152.5653   16.5965  198.6348
  128.6206    8.0810  256.4541
  159.7259    9.3975  193.5778
  158.2799   22.9882  194.4798
  107.4478   24.0324  252.1630
  100.7669   35.5287  264.7401
  166.3795   42.4851  194.4683
  178.0894   33.5644  165.5610
  116.2500   42.5000  283.2500
  133.4936   16.8273  247.7959
  183.7386   23.3793  189.0148
  159.9051   43.7474  170.7534
  111.8617   22.4511  239.9756
  127.7191   28.1190  236.7937
  163.6364   37.5000  229.8636
  149.8477   16.7091  248.3550
  161.1034   12.2332  212.7831
  121.1904   12.9253  255.2906
  179.0840   42.8479  215.7210
  152.9629   37.9974  171.0332
  155.1227   16.0429  233.1534
  131.3677   22.3093  226.5194
  151.1505   22.7837  178.3531
  171.4619   23.7262  208.3940
  126.8959   21.7170  214.3984
  120.8210   13.5217  234.6714
  137.1493   29.0945  180.1627
  129.4844   27.3275  248.8662
  175.8979   28.3915  194.4353
  119.7974   26.4748  275.4969
  150.4305   22.4265  241.4064
  164.0932   40.1294  163.7152
  135.0000    2.5000  213.5000
  173.4083   25.8803  219.7948
  175.3322   29.0181  175.9486
  167.2895   24.8307  186.0677
  151.9987   16.7646  183.1836
  180.5016   45.2851  173.7312
  135.0544   34.2524  257.6835
  151.4293   41.9956  187.7214
  144.3621   31.9789  248.6792
  111.9288   13.2358  277.2071
  134.9131   16.4417  211.9542
  160.7143   22.5000  187.7857
  129.2548   46.8460  197.7281
  137.0536   51.0404  233.9509
  174.5285   31.3923  200.6822
  104.7706   15.9966  230.8483
  131.3167   16.4141  240.9692
  110.0573   32.3011  228.1552
  151.1709   38.6067  191.9495
  154.9618   35.2057  166.1304
  141.9088   14.1975  213.5721
  158.1485   41.5392  201.4641
  137.7711   17.2330  245.5685
  157.7746   43.1251  179.7781
  171.0955   41.8628  174.7402
   92.8236   16.2710  257.5585
  163.2215   27.5683  180.1332
  136.2782   33.0894  238.1872
  114.7408   48.6841  210.1230
  130.9186   23.3458  212.5784
  155.2764   16.1757  198.0100
  136.2424   25.6432  180.3196
  161.2598   15.2382  174.1689
  135.0000    7.5000  242.5000
  117.6290   23.7836  235.2332
  169.4915   19.0397  224.4035
  108.2223   35.4717  246.1849
  160.3866   26.0435  243.9773
  149.2565   18.5793  186.9466
  135.0000    2.5000  226.5000
  169.4536   13.4732  157.2061
  124.5840   24.1958  191.5608
  173.9883   31.7177  214.1077
  162.8001   23.0655  175.7209
  159.9938   43.5527  187.6851
  141.0292   36.5952  239.6224
  140.2157   31.0725  199.4461
  120.4256   20.9900  244.3599
  111.3454   35.7155  250.1342
  114.8661    4.2535  243.2977
  158.5467   18.1926  177.1461
  137.4102   16.5658  222.5886
  132.6001   29.1332  193.4546
  150.7778   11.6084  233.5718
  172.3046   39.2417  156.0325
  154.9327   12.6329  218.2192
  101.2500   27.5000  231.2500
  149.7550    7.6813  214.4277
  172.8809   23.9519  147.3237
  118.2288   33.1971  236.2316
  118.3350   13.7391  209.0570
  169.8911   24.2893  173.9062
  170.7889    7.1385  179.4842
  101.0390    6.3264  272.2723
   98.1790   29.9496  230.8985
   99.4598   35.3183  279.8326
  121.2411   17.9783  236.3365
  174.6204   15.6027  227.8502
  166.2163   34.8043  164.6931
  180.5724   40.5516  221.0111
  155.1990   42.3731  218.5389
  154.4274   15.7214  205.5060
  113.7519   39.5889  243.4772
  101.8902   14.3823  243.5597
  138.7210   27.8700  189.9368
  181.1481   14.5163  156.9970
  165.1926   17.2481  191.5947
  162.1795   21.9996  167.8309
  127.8819   31.8109  237.5971
  114.4816   40.2865  230.9461
  165.9381   25.2475  150.0052
  163.3566   46.4822  196.4999
  142.1877   37.6270  251.3988
   91.9017   24.1357  287.7891
  147.0070   17.8712  214.7767
  110.7959   40.6310  238.7622
  161.7149   25.9401  153.8711
  127.8398   27.3052  200.5634
  154.6764   37.1802  206.8380
  153.0769   31.4384  239.9089
  133.8278   43.4271  257.8566
  138.0503   32.4902  201.1758
  157.1845   45.5184  217.3811
   96.7015   28.6027  291.6497
  153.3389   32.9050  249.7198
  171.6437   18.6090  172.3743
   93.4752   36.5202  258.1814
   97.2999   16.6319  252.0637
   96.8957   27.5185  240.3367
  160.1810   32.1426  215.4947
  179.1993   15.0043  163.9029
   91.8015    6.0379  283.4714
  136.6422   36.8915  251.7160
  139.7792   39.4046  179.4247
  164.0313   42.6913  219.6470
  160.5708   13.8438  217.6078
  114.8372   10.8793  238.9864
  158.1132    8.8413  194.3071
  112.5154   40.0847  263.9181
  165.0960   44.2775  172.4086
  176.1429    2.8189  196.8423
  162.8726   25.5604  168.7681
  125.8780   34.5082  251.9162
  110.1012   11.9455  239.1533
  175.5000   32.5000  158.0000
  180.3242   13.1489  177.2549
  148.2975   10.3086  201.3592
  179.0675   24.0146  189.0857
  163.9455   23.9789  172.2616
  148.4565   38.1347  192.9412
  163.0302   42.9775  221.6925
  150.2248   32.1094  234.4294
  174.2104   26.0081  158.0392
  150.4334   22.4547  213.1206
  142.7918   11.6376  194.5744
  160.6463    4.5080  194.3963
  125.9504   44.8583  203.1771
  179.1400   42.4776  192.5639
  173.4587   37.4175  216.2669
  181.3816   42.4028  179.4643
  115.4554   47.6820  216.5676
  151.7913   32.4552  205.4912
  164.1219   43.7181  177.6099
  126.4603   27.1241  208.0917
  125.8046    6.3547  240.4405
  153.4208   23.7197  227.0248
  109.9052   32.7773  246.6029
  171.2535   33.1060  181.7962
  136.5715   11.6588  205.1908
  100.9263   20.8955  300.3485
   97.9170    8.4899  290.0760
  174.6157   39.4914  168.2843
  150.0981    8.4845  226.0032
  134.0967   37.6751  250.6195
  149.6781   25.9381  168.2880
  126.7000   29.3346  204.6118
  143.6534   35.1531  179.8549
  163.8838   23.9990  175.4280
  156.8351   45.2936  176.8326
  120.6938   25.0203  261.1495
  110.6599   39.5734  263.3545
  166.3042   38.5537  223.3166
  151.3002   43.0037  169.5422
  169.0756   38.4046  211.5751
  170.3255    6.1828  158.7507
  176.7752   25.6026  216.0212
  106.1497   26.9388  270.3491
  172.0225   29.2093  209.3265
  142.7369   38.8238  233.2236
  122.9435   30.7659  274.3262
  100.8417   36.4908  287.6382
  169.0327   20.8970  212.0523
  166.0552   28.1993  206.8858
  176.3029   15.9413  203.2929
  141.0578   50.4230  187.0265
  179.0351   37.1823  218.4431
  114.5665   29.1448  282.9180
  160.5648   34.3446  209.9415
  131.2500   42.5000  198.2500
   94.3890   30.7333  297.3624
  171.0370   33.4494  182.4007
   97.4456   30.3459  250.2782
  118.4391   41.2987  265.0651
  133.1248   18.2484  211.2613
  111.4866   36.7364  263.0960
   91.9238   35.1126  260.7417
  145.6859   37.9190  197.6427
  180.2910   11.3403  217.2481
  182.3743   24.5348  215.3064
  111.3084   17.3567  214.4561
  153.2315   28.6110  207.0887
  111.3383    9.1346  223.3807
  122.6760    8.0330  246.6058
  170.0430   46.7922  164.3276
  164.2334   28.8781  162.0615
  158.1333   15.7688  233.4529
  174.0585   32.3805  219.0717
  169.9632   34.3334  172.9011
  138.0147   30.6988  180.1713
  118.2474   25.6175  230.9032
  181.4213   24.0502  198.7169
  143.1658   29.5308  234.5504
  136.2802   38.5325  185.3563
  160.0494   33.0281  180.6165
   90.0000    7.5000  229.5000
  121.9390    8.2656  217.3451
  137.2542   18.0101  247.7803
  175.9569   35.1327  141.8279
  179.3946    2.6546  196.5912
  153.3906   30.1443  236.8223
  155.2166   12.6229  189.0519
  149.3018   46.4605  181.5710
  135.2220   49.6789  188.2175
  140.6191   16.4173  251.0114
  129.7441   52.9400  219.1782
  168.4166   25.7253  182.2509
  153.7192   32.2468  200.6101
  118.2734   18.0641  228.6692
  118.3102   29.2787  248.5126
  148.5332   19.9013  200.2239
  165.6703   31.9736  219.5839
  148.3225   17.4840  191.1272
  123.7500   42.5000  273.7500
  162.3685    8.8151  159.8498
  161.8229   29.1706  155.9867
  118.8943   14.2637  232.5169
  158.0190   30.6736  165.5920
  167.1757   30.2007  156.1483
  114.2584   45.5699  215.3754
  175.5662   13.6033  217.5539
  192.5027    3.1947  174.0372
  182.3139    1.0363  216.7575
  175.6145   35.9638  164.9036
  100.9982   37.0344  217.8088
  115.2011   28.3305  261.1708
  110.6919   41.0378  270.7468
  151.8849   35.4042  179.1893
  140.9913   48.0493  235.7834
  178.4210   44.5044  182.1749
  174.7771   43.9864  180.8554
  167.1360   10.8859  203.2862
  119.5188    4.1568  236.6170
  172.1411   16.2812  196.8393
  169.3020   36.2338  179.2324
  101.2500   27.5000  253.2500
  152.9541   24.9382  181.0205
  139.8280   24.6929  248.4690
  150.2096   44.1604  164.4146
  146.0555   32.4182  177.1603
  143.0054   45.2824  190.1350
  177.3140   32.6363  169.6129
  143.1462   23.9432  235.3178
  105.7420   41.4443  268.9551
  159.5782   38.2657  178.5826
   97.9186   20.2549  261.2268
  160.3114   29.6087  155.0300
  110.0691   33.5467  265.6184
  167.2554   33.7318  172.1173
   98.9579   42.2598  265.2083
  153.0856   28.8991  184.9171
  183.2664   13.7581  169.9149
  175.6012   37.2504  214.2183
  157.8392   35.1382  174.5105
   94.5000   32.5000  282.0000
  172.8704   30.3359  172.1436
  106.4225   20.7996  226.2315
   93.4130   33.5857  291.2191
  161.1585   36.4963  154.4827
  164.5105   39.1825  163.9101
  141.0905   28.8680  223.1758
  170.8714   19.6085  186.7800
   84.6354    3.1364  316.3472
  175.7486   28.7303  157.8817
  120.7420   47.9898  221.2135
  170.6826    7.1930  204.5918
  182.5566   22.7625  187.6345
  176.9628   39.9673  181.1200
  141.6214   23.1393  201.1882
  171.3734   35.9289  190.4693
  103.1638   21.2407  238.8006
  172.0092   43.1533  167.9024
  160.9973   32.6796  171.6085
   99.9452   16.1238  254.0228
  173.0399   44.4169  195.9415
  153.1402   27.5575  211.1840
  129.3857   26.3303  219.7426
  138.9664   21.5436  234.5547
  126.7626   40.0115  247.5301
  161.4913   41.3191  154.9753
  146.4246   22.6880  208.4452
  165.8516   19.0349  203.3968
  171.9797   18.3526  177.0479
  141.3956   36.4102  171.9827
  149.0990   39.5106  197.2547
  162.9035   22.9474  179.9567
  141.2544   40.9000  228.4229
   89.3515   25.6303  277.6355
  134.2257   12.7963  245.0703
  167.7206   21.5049  236.3073
  119.7080   12.8746  218.7819
  151.4456   42.1116  232.0998
  123.0132   33.0487  203.8693
   86.0099    4.8887  306.6755
  177.0649   26.6414  197.2474
  163.1318   43.7130  194.1439
  124.2005   21.8686  250.3390
  177.6615   23.2722  175.8923
  179.3022   11.8774  196.8911
  149.9961   45.6080  198.0096
  158.9996    8.6237  184.0363
  158.0193   33.7676  166.3151
  151.8499   13.8967  176.2420
  178.7499   43.4523  192.8660
  152.0977   26.6428  188.2835
  115.5926    5.3820  237.3660
   91.3326   26.7611  261.1237
   98.7031   16.8694  248.9763
  158.5800   41.2283  208.1501
  160.8383   25.9640  164.6708
  110.9616   20.8440  272.3888
  141.8434   23.3752  215.1775
  109.7976   34.6865  265.3621
  159.5363   38.3399  164.0324
  112.6368    5.5699  268.9577
  126.4335   36.3629  239.3096
  136.6782    9.2365  236.5934
  105.0356   25.9377  251.3249
  157.4392   14.3538  156.4090
  152.6151   36.2239  184.1026
  174.9361   35.2876  161.4493
  113.3923   41.8484  261.3543
  173.4143   20.1105  152.1885
  117.4681   25.3770  199.2331
  110.4344    7.4496  217.4432
  135.8382   48.9482  188.4026
  141.5286   42.7059  171.2599
  179.4893    5.4408  168.6406
  178.5992   23.7032  175.8464
  162.5868   12.4497  190.6004
  149.5388    7.0302  203.5212
  180.9908   34.2028  164.4136
  137.8386   14.8413  205.6006
  177.7915   45.8501  190.4505
  190.7874    4.8946  161.2542
  175.7470   34.9962  149.2945
  134.5252   36.7429  252.1640
   91.4630   13.4644  275.5425
  158.3327   20.3356  228.3872
  160.7561   28.3929  206.3913
  165.2544   17.6867  195.5105
  143.2552   36.6675  234.8788
  171.6500   26.8138  144.1779
  177.2210   35.1369  144.5508
  153.9671   19.0134  231.0332
  139.8486   40.7543  263.3734
  171.6059   42.7641  188.2034
   96.2857    5.2957  279.7090
  104.7619   38.7546  260.0810
  118.3740   15.6918  271.5565
  104.6596   31.7687  258.2083
  159.6696    7.4409  204.0791
  113.3884    9.9485  286.3409
  154.6332   17.3520  187.3065
  165.7287   29.4704  159.2617
  150.5942   16.7508  178.5417
  104.6344    9.3805  273.9715
  170.0288   46.4541  157.2903
  155.2665   45.8556  187.3553
  157.7056    2.5739  196.7033
  174.6980   19.3086  226.9469
  138.0449   32.0098  251.1635
  141.9479   40.5242  186.4948
  133.1075   38.6348  195.5920
  157.1017   39.5694  194.2136
  181.6206   21.4627  212.5082
  117.1443   12.9467  245.4345
  168.8608   37.5798  175.7656
  110.6175   19.0678  269.9669
  143.2619   50.5949  214.6469
  177.2013   11.6700  213.9303
  125.8005   37.7461  247.7830
  165.2951   19.5595  168.9183
  160.4660   28.7746  212.8289
  117.7175   11.9537  244.8444
  146.2500   12.5000  236.2500
  181.3214   24.1188  189.8070
  160.9157   29.7790  163.0204
  148.5000   32.5000  196.0000
  164.6087   21.4607  168.5858
  129.0793   40.5061  219.2102
  152.2984   19.3154  176.6695
  141.2245   41.5866  236.4675
  178.5813   22.8008  185.8594
  161.2353   37.2249  197.1428
  161.7711   33.7459  196.6298
  136.7693   48.6395  216.9179
  124.6350   22.1757  229.9392
  165.2076   37.4684  212.4266
  174.7523   29.4558  151.4703
  116.6443   16.7787  251.0305
  158.7899   43.0417  243.0475
  164.4916   30.7646  228.4977
  111.1871    4.8316  218.4288
  110.3331   10.5697  247.5559
  143.3071   44.6573  243.1751
  162.6047    9.3546  226.6801
  163.1557   13.8248  220.3279
  115.2830   23.3888  235.1905
  121.1995   41.2930  262.2580
  152.6220   43.1939  178.0741
   95.7179   34.6854  241.3787
  173.5113   16.7614  186.4977
  140.3120   24.1085  207.8280
  143.8698    9.6296  196.2272
  126.7331   26.9332  223.8575
  162.5943    6.0542  204.7825
  105.5509   47.8161  229.2555
  107.9272    9.2088  244.3827
  147.1548   17.6497  224.1415
  137.6158    9.3894  234.5823
  163.5615   31.0135  220.1508
   95.3711   24.8983  242.9854
  165.2222   46.0458  190.9039
  152.2002   39.2401  231.6693
  116.3226   27.3344  207.3386
  171.7530   31.2780  150.5852
  104.3921    6.6721  214.7711
  158.4893   39.9115  229.6359
  134.5049   33.2791  237.0934
  138.6950   31.2553  192.5373
  140.2347   34.0461  257.1741
  114.9409   25.4624  271.2716
  159.5475   37.2095  196.2914
  189.1124   10.4770  196.2843
  147.6262   32.7626  222.6513
  155.5567   24.1522  205.5684
  133.6729   21.0865  257.1454
  161.9296   28.8699  178.5949
  108.6577    3.4321  247.4159
  107.4969    9.4105  206.2337
  104.3099    6.8675  238.7458
  162.2754   14.9486  178.1730
  165.6064   18.4713  204.8301
  140.0687   28.2936  215.5196
   94.7520   25.1101  272.1930
  154.9425   26.5786  199.0510
   94.0492   30.6227  293.8288
  147.8747   31.8980  248.4096
  105.2391   33.4986  291.5057
  167.5173   22.8525  215.7150
  142.0498   47.4728  196.4056
  177.0894   14.9990  141.6925
  132.5021   48.5835  187.0672
  116.0966   12.2635  240.6993
  132.8488   11.1278  241.3856
  173.5714   22.5000  216.9286
  158.7951   12.9911  245.0305
  156.2470   48.7392  201.5161
  149.2786   38.9591  249.5003
  158.0873   29.2455  155.2153
  157.5000   27.5000  167.0000
  153.8672   16.0995  183.3178
  101.3636   16.2615  261.9290
  141.6395   42.4247  258.1729
  132.4069   51.8370  188.9009
  168.9488   23.7511  171.2122
  142.8757   42.0973  246.7168
  167.7431   37.3480  193.1017
  138.8529   22.3494  206.6988
  126.0014   29.5446  195.2283
  178.8144   10.7976  219.0983
  153.2093   28.7730  219.8045
  136.5332   25.2930  257.6696
  160.0918   41.3589  215.5277
  175.4806   28.0538  176.7478
  102.8563   19.8525  289.7687
  132.0581   23.6679  211.7785
  165.6094   36.8579  173.2311
  144.0037   22.7120  221.1873
  148.2015   44.3801  203.2896
  167.1256   16.5653  234.8667
  141.5666   39.8406  182.4946
  151.8373   33.2293  199.6418
  167.4958   11.5541  232.9596
  164.8588    3.4241  158.4105
  148.6269   37.0068  239.3396
  136.4912   34.4129  259.5695
  236.0092    2.7504  137.0964
  180.6493    2.3687  177.3323
  136.3852   31.9609  250.9747
   77.3064    4.2686  323.1305
  133.5810   22.6481  223.2920
  160.6663   37.6805  173.9603
  168.6731   23.9716  216.4718
  115.3556   42.9291  236.3941
  152.3876   34.8443  194.7179
  111.2249   14.8414  267.4207
  165.3264   17.5243  209.2150
  161.7744   23.3712  169.4584
  121.6408   15.1070  243.9000
  103.3383   22.1721  264.4714
  114.2521   11.9084  224.5581
  171.1916   35.5907  152.6571
  119.3505   10.6457  252.9625
  144.1438    8.2831  211.2027
  114.8860   35.6189  262.2363
  174.5805   39.3184  166.0169
  170.5981   38.4546  201.8751
  145.9714   38.9627  235.5014
  178.1011   28.5062  162.9894
  182.3479    4.6313  163.2247
  173.2790   31.2851  141.2995
  156.0385   14.6229  225.4264
   97.3780   30.5022  243.0456
  154.9943   42.9499  182.6456
  144.1261   36.0328  200.6726
  101.6180   14.4791  254.8265
  106.8986   11.9969  212.4797
  125.7516   37.0230  221.9208
  132.3359   32.6580  202.3402
  165.7353   18.1189  213.6935
  109.9645   41.9469  271.9923
  115.1604    6.9200  241.4863
  194.3742    5.2277  195.7240
  123.1945   47.4242  246.6329
  156.3494   20.9057  237.0564
  153.9173   25.0359  214.4011
  157.1698   42.4408  234.6839
  148.9842   14.2540  243.3973
  101.4319   35.6990  246.9160
  179.2601   23.9071  183.4914
  157.0352    9.7135  227.6643
  167.5765   35.0764  170.3127
  179.6149   22.3341  211.7979
  162.7544   33.8682  151.6470
  131.6684   11.9314  220.2782
  117.9256   23.5010  239.9520
  135.0000   27.5000  222.5000
  155.3647    7.5031  237.5135
  202.5853    3.6068  129.6808
  137.3294   34.7310  222.8077
  161.6634   34.1265  220.5010
  143.6744   23.4635  224.2049
  165.0791   12.4763  197.3120
  156.7364   19.2867  212.9060
  115.3306   22.4015  209.1699
  171.9284   21.0960  202.8663
  104.7178   25.7916  256.6068
  148.1798   27.0644  203.6765
  132.7458   47.1432  230.3333
  157.7541   44.5968  198.8451
  168.7500   12.5000  183.7500
  142.6801   34.6872  230.2010
  177.6545   12.7070  216.6139
  106.9725    5.6840  260.8436
  157.4991   17.5296  226.1680
  117.4546   25.7852  229.5515
  159.1877   30.9204  183.2197
  179.8366   36.1448  144.9143
  163.1628   42.6174  186.5909
  159.4879   27.0860  231.3460
  127.6398   10.7106  261.4940
  142.1560   49.0907  230.5342
  134.4899   20.8948  214.9753
  203.5422    4.6354  132.5538
  154.0764   34.1227  231.3400
  156.1427   22.6646  200.9449
  108.1483   24.8128  244.5083
  135.0869   30.3985  247.0400
  177.1120   46.8451  187.1347
  140.7216   23.1435  215.6824
  106.2826   48.9266  218.5732
  164.3176    9.1621  195.9757
  139.3047   26.2547  240.2029
  116.2315   31.2963  240.2884
  165.9511   42.6505  228.8330
  155.2055   43.9599  181.9573
  161.0234   28.5357  193.4439
  136.5806   16.8781  257.4350
  179.2984   12.7173  174.9978
  123.7500   12.5000  203.7500
  180.3628   14.2274  151.4026
  173.0252   15.8607  169.2966
  155.5895   39.4503  165.3850
  176.9021    3.7225  188.1521
  140.3919   46.1475  236.1627
  131.5385   47.5000  257.9615
  125.5343   41.5082  189.1035
  150.6766   18.5378  203.6931
  176.2337   15.8671  205.3602
  107.6854   25.4604  260.1810
  173.2236   35.7211  150.8873
  140.8941   24.0657  221.0657
  122.7607    6.4952  230.5159
  124.6154   47.5000  202.8846
  182.2467   25.1499  149.4898
  141.3825   44.6399  185.8232
  107.1957   23.7056  249.6646
  137.4789   24.5871  191.7702
  166.0304   19.6063  233.8242
  159.2405   32.2861  223.3400
  168.2198   25.1956  204.3708
  110.4759   36.5708  203.0606
  163.9063    9.2528  156.3862
  161.0924   35.3269  165.0158
  166.8198   20.2178  222.1434
  169.4262    4.9157  162.0887
  153.2980   34.8057  220.3112
  162.9359   30.5142  212.3656
  177.3274   29.1496  204.6974
  149.9787   39.5391  187.9021
  113.3763   13.2267  261.8120
  171.3320   18.8073  222.6757
  155.0417   32.5749  193.7899
  170.0800    5.2891  214.1170
   97.3407   25.0707  266.4618
   98.2511   16.9657  267.1180
  116.9720   37.4453  248.7891
  172.7540   31.4224  178.7632
  178.2406   23.0598  159.1785
  109.0145   40.6161  263.1074
  178.8543   45.5175  184.0695
  104.3889   24.3176  286.4236
  177.4851   34.0474  140.7848
  126.6345   23.2319  231.6628
  132.8293    8.4212  266.3135
  150.1566   42.6228  243.5796
  166.5318   34.4520  167.5283
  119.0146   39.5482  262.1617
  169.2292   16.1252  221.0785
  167.9390   19.3657  200.0721
  157.5000   32.5000  204.0000
  113.6396   14.7241  255.1257
  141.9045   43.8686  245.1334
  174.1127   41.6371  172.4136
  171.8569   40.6835  161.6974
  140.6734   43.8594  191.9027
  169.4781   34.5716  173.7246
  153.0481   26.3304  166.4111
  125.3571   52.5000  208.1429
  152.8328   16.2172  194.3224
  143.4784   49.0563  225.1515
  144.3168   43.8882  184.1431
  151.3835   19.2123  246.0395
  140.2669   25.9975  248.8146
  176.6854   34.9120  183.5136
  152.9292   21.1652  243.3907
  178.2962   45.7171  144.4735
  176.2856   16.4704  147.9470
  159.2503   37.4371  185.5755
  160.8042   33.9353  170.6921
  131.7317   11.9843  216.6812
  178.9833   36.7502  196.4643
  102.1919   36.4109  240.9055
  131.3184   11.7190  260.6173
  139.7592   47.2545  252.3014
  142.6088   42.8881  250.7057
  100.9571   32.3720  220.5469
  154.6928   13.7896  219.5702
  113.6696   20.5857  261.6358
   98.8205   33.3582  236.8730
  172.4332   30.9943  202.9546
  141.1212   38.9154  207.2582
  151.6242   20.0288  210.9715
  132.2810   16.8950  242.0540
  148.3606   42.8673  187.4589
  176.8885   44.7673  179.2446
  106.8243   24.0572  245.0189
  164.4766   49.4572  201.2881
  171.2052   26.7756  167.5791
  139.1257   46.2949  260.3346
  152.6035   21.0013  248.6905
  150.2629   17.1878  232.9659
  117.0284   15.0458  221.1365
  105.2128   23.3353  242.6713
  174.4364   44.7101  187.1301
  154.3976   25.7260  228.4156
  178.4972   44.6443  184.4140
  129.6744   32.4577  267.6026
  143.7766   26.8871  254.1435
  145.2836   20.9387  170.2857
  150.2425   32.7974  193.3911
  152.7609   41.3415  243.9028
  140.9539    9.5524  250.3554
  154.9666   27.8073  197.9791
  180.3769   42.1045  204.2160
  104.5709   39.8110  245.7504
  157.1824   40.0882  189.6794
  172.4113   26.5257  165.5315
  180.2266   43.2429  177.3161
  137.0552   32.4238  226.1607
  164.9208   35.5587  156.2636
   95.3313   26.0477  268.7582
  110.9624   38.3535  260.5665
  161.1464   28.3174  211.3327
  159.1475   44.8185  183.3448
  142.2632   23.9016  221.8680
  154.8152   24.5744  181.2597
   99.7754   27.3355  216.3182
  143.0524   23.1329  236.1214
  132.1916   24.3321  214.6329
  132.0647   31.9752  209.8181
  177.7756   12.5063  188.3828
  167.3739   24.7941  200.3764
  131.2500   42.5000  256.2500
  113.3607   10.3962  250.4222
  148.7948   46.1441  198.8816
  138.0335   10.5021  256.7501
  147.2400   30.9846  180.6923
  163.5230   24.7331  171.7116
  156.8357   45.2266  184.5226
  155.8027   34.2679  189.3971
  138.0309   31.9144  240.0785
   98.5313   23.1518  286.2092
  127.9939   41.0343  269.5381
  120.4766   39.8511  194.8197
   93.3251   36.3395  263.2981
  111.7556   10.0557  241.9895
  140.4865   35.8011  241.8447
  116.8209   35.6296  262.6698
  117.8963   40.9575  250.4659
   88.1485   23.0695  306.6754
  175.2354   39.3341  219.0227
  117.3162   11.2622  240.2162
  169.4212   37.3364  178.9612
  166.6783   12.4269  234.7952
  163.5460   24.0993  200.7393
  132.2466   23.4582  245.5044
  134.5927   42.9391  245.3370
   90.0000   27.5000  273.5000
  112.5000   27.5000  291.0000
  139.5013   41.6523  237.3340
  202.2123    4.7028  158.8842
  135.4237   32.3082  262.6346
  115.1451   14.5822  282.9368
  139.8864   53.9205  209.8390
  121.0644   41.0531  252.9650
  127.0076   36.9599  236.5716
  154.2878   33.9027  162.1537
  126.1986   21.6010  232.3299
  133.0531   10.6154  224.8411
  117.1108   15.1578  217.7552
  131.1269   23.0503  217.3776
  178.7100   33.9964  192.7718
  169.8532   33.0356  208.6248
  190.3008    3.3336  151.2401
  172.5311   31.4747  203.9582
  148.0997   18.9724  206.1605
  153.0904   12.4215  202.3308
  154.3497   33.8308  171.1034
  172.8780   16.7641  191.2512
  117.2832   34.2920  197.0511
  114.3662   25.7358  256.7766
  129.3135   40.8368  255.1389
  175.5000   32.5000  205.0000
  120.5426   21.1633  256.2613
  124.3717   22.0511  238.1044
  164.0861   24.9564  152.6792
  153.3139   32.9715  184.7424
  156.7298   13.9654  200.0272
  151.8656   31.8962  225.7071
  151.9397   14.6173  198.2177
  150.2507   22.8476  216.5759
  170.5868    5.5911  210.6279
  148.1306   40.9217  172.5605
  166.0394   36.1827  238.4950
  163.0867   41.8731  162.7888
  114.2036   40.6712  274.1223
  175.0270   30.8067  155.7646
  183.1309   24.8605  182.6688
   98.5725   41.0660  285.4594
  120.1845   11.3770  227.1703
  141.9675   45.0587  221.3078
  162.3857   44.6730  163.8841
  171.0859   31.3888  187.2613
  144.0165   30.3559  248.0992
  109.6040   11.6208  279.6343
  180.9990   44.8842  197.2678
  166.8171   18.6611  216.3649
  160.4055   52.6153  229.7765
  153.7669   54.2858  220.8398
  172.7292   15.8819  184.5838
  169.9687   44.6516  164.4101
  131.9435   12.3891  205.0162
  151.7495    6.7218  162.2909
  138.4007   13.5741  212.4706
  152.4631   13.0458  177.9508
  111.0148   41.3643  232.5096
  168.6662   44.4512  165.3656
  101.3858   37.5504  220.2222
  172.5802   28.2761  201.9190
  177.7206   25.2073  191.1781
  106.3636   37.5000  287.1364
  155.0090   42.9473  206.4742
  165.3178    8.7156  198.9680
  161.3660   28.0767  177.0242
  181.9066   33.0873  166.3061
  182.4656   23.1893  166.0360
  163.2582   43.8015  194.3401
  187.6656   12.3432  184.7227
  154.3506   35.9665  197.0518
  122.3026   46.4941  226.3557
  179.9961   45.6080  198.0096
  165.4513   33.2891  176.8220
  149.8704   28.3410  168.4953
  163.9243   47.2049  208.0867
  152.5149   23.2328  198.7959
  180.8409   14.6034  201.6848
  175.8595   28.6014  192.7801
  142.3199   29.2931  245.8858
  152.1102   31.1930  219.3896
  117.2751   33.4076  257.2276
  138.5972   12.2610  230.2900
  139.9587   11.9508  205.9022
  169.2770   15.1420  173.0305
  129.5444   25.0909  268.2466
  172.8520   41.9833  206.7315
  145.4651   33.6850  190.0026
  120.1309   13.8782  230.3572
  141.1014   16.6846  234.5581
  128.2993   20.8539  230.6537
   99.3229   36.3968  250.1562
  142.0983   42.9211  174.7462
   98.7620   27.6354  229.1828
  140.2609   28.4538  203.0606
  154.0643   11.8573  222.8788
  154.8322   39.9695  160.0310
  168.3503   29.4428  157.5466
  144.0450   22.5729  232.1415
  182.0368   15.0588  175.2924
  173.8547   24.8069  170.2122
  170.8416   19.0708  156.0568
  143.7636   12.8636  202.7169
  146.6055   44.7966  174.4495
  160.9675   36.4254  165.6409
  102.5778   25.7037  249.6179
  164.5904   19.2733  186.4868
  122.5415   16.2660  212.0763
  118.4702   22.5749  225.0351
  114.5869   27.4470  236.7975
  172.6244   26.5352  154.2440
  134.6975   13.4824  178.2883
  132.1420   20.0149  232.5312
  152.3176   27.1610  201.8775
  152.9828    7.1100  186.2038
  179.3581   12.6395  201.8516
  180.3732   12.3106  189.8963
  142.7356   34.2561  212.7975
  165.0447   41.9094  165.2793
  175.8212   18.8357  194.8608
   98.1803   20.6571  262.8875
  148.7637   40.2392  250.3820
   94.3724   15.5523  264.8506
  104.9563   11.4525  244.3742
  161.0339   11.7644  195.7467
  148.3936    7.6488  224.9543
  157.2942   36.5222  243.3369
   94.2308   25.6511  268.9229
  147.8244   28.1246  193.5065
   89.8001   35.6117  272.2159
  113.0612   25.7503  285.2303
  116.8903   10.9617  281.2376
  183.8984    5.7316  166.1959
  177.2591   28.2850  205.6795
  176.3645   13.0443  182.0554
  170.0355   18.7762  226.8431
  140.5281   39.6289  190.7420
  157.8308   18.5248  223.8423
  131.8453   16.7074  230.4680
  131.6622   24.0299  192.1546
  176.9593   36.7908  200.5370
   96.3400   39.4183  271.4866
  175.1191   29.2935  213.4519
  162.0531   44.3724  179.1120
  102.2303   29.0424  279.7849
  173.9417   26.9974  156.0920
  163.5246   26.9786  205.6614
  180.1541   26.0995  175.4250
  107.2401   23.6580  222.6183
  170.8860   43.7951  150.6367
  168.1688   32.8992  213.7373
  160.3808   40.1296  192.6584
  128.5084   21.3342  249.6581
  168.1077   17.8739  224.2358
  150.8311   38.9659  212.6391
  151.4503   42.6083  177.7247
  168.4975   38.5805  203.9884
  154.7812   22.4143  238.0352
  177.9318   45.7607  183.0406
  164.7657   33.4118  233.3541
  160.0609   43.3804  175.6259
  101.0738   20.9566  250.2124
  133.6509   43.1783  180.2214
  163.0374    6.5765  214.9713
  180.4261   32.4547  183.0512
  164.1134   31.2543  151.2949
  166.2410   41.5861  209.5441
   86.5024   13.2098  294.3771
  172.9631   45.3123  175.1663
  163.2145   22.4670  209.6657
  172.1328   35.0771  176.8630
  146.1568    7.0637  214.1930
  135.3742   12.2015  259.8930
  172.0820   14.8734  163.0119
  133.3293   23.5722  212.5572
  165.6568   44.2928  162.7402
  180.6058   34.5166  150.7395
  164.0570   32.3743  229.7708
  141.8897   27.0997  237.4218
  135.6122   55.6077  209.9648
  169.6044   22.9684  176.5820
  128.1597   12.3213  243.0924
  117.4567   38.2838  202.2116
  164.7302   41.5953  211.1652
  140.4873   43.3841  210.2386
  173.8496   35.8383  140.3678
  160.6673   35.9885  219.8688
  144.0000   17.5000  239.5000
  124.0409   52.4370  219.9090
  150.4490   27.6749  245.9733
  137.5351   30.0642  234.4861
  119.5922   42.9408  222.2511
  163.2587   31.6037  211.1635
  115.8141   22.5459  254.6829
  119.0703    8.3581  223.1485
  163.3906   38.9694  151.8172
  155.0129   32.7415  223.8193
  152.8685   16.4034  233.9961
  162.6587    8.7428  189.5600
  176.4105   26.7259  154.8475
  117.4198   12.2665  233.4498
  168.2273   40.3510  159.7435
  132.3871   17.0296  233.8453
  154.5437   17.6536  189.4916
  175.2410   41.3126  154.5335
  150.4969   40.3119  189.7190
  161.5453   24.2367  156.7548
  172.2614   28.5443  219.0952
  175.5915   38.7534  217.9206
  164.1535   28.9539  201.1375
  113.3669   19.6734  268.3593
  169.8666   15.2065  231.9035
  100.9388   32.0728  249.5568
  169.7596   33.9647  144.8162
  130.9091   37.5000  244.5909
  163.0616    9.2464  166.2209
  118.4121   32.0964  256.0470
  163.6364   37.5000  169.8636
  148.8279   17.7229  191.6586
  161.3505   21.8817  164.6138
  120.5408    7.8747  212.7676
  103.1263   16.0186  264.3789
  126.3872   32.0702  246.6600
   98.4496   21.4436  245.9470
  154.4261   23.6218  234.6165
  170.6193   38.4055  174.8529
  141.8948   23.3213  195.1288
  151.3399   47.3392  189.5821
  166.1365   43.4539  170.6720
  155.3085   10.7877  229.8761
  151.9013   31.9614  211.5672
  167.8898   21.5519  177.4449
  112.3415   30.1918  278.5922
  113.2870   25.7678  283.5643
  152.3336   39.0955  201.5607
  150.1566   42.6228  243.5796
  160.5845   48.3236  204.1118
  170.8834   30.1105  145.8611
  159.2587   40.0888  214.3859
  176.8355   33.1692  195.0196
  150.2345   17.6816  248.0011
  162.9464   28.6434  171.2123
  167.6629   18.3788  223.5571
  146.2500   12.5000  222.2500
  170.1871   18.3187  217.5006
  100.1060   35.9984  278.2208
  167.8256   39.7731  202.5918
  153.0769   31.4384  239.9089
  157.2224   44.6012  165.1868
  110.1805   34.2203  233.9644
  132.8546   43.0981  257.5350
  152.1095   24.0847  212.2795
   86.1811    5.6582  301.7390
  155.9830   34.3171  230.2499
  170.6826    7.1930  204.5918
  119.5035   24.4377  201.3365
  156.6694   44.2261  176.4195
  138.5781   30.5001  192.3675
  177.4208   40.1328  204.8158
  121.8675   28.9871  265.3775
  176.6579   23.0125  167.8322
  138.6961   21.1115  240.6227
  109.1528   19.8555  288.1307
  129.4942   19.4065  237.9416
  144.5595   24.8605  221.2403
  150.5942   16.7508  178.5417
  114.0079   13.4098  255.2035
  127.7547   45.8709  249.7116
  136.4029   32.6813  255.9797
  141.0945   35.9587  248.3578
  117.3946   14.7329  219.0523
  157.6617   38.0938  223.0617
  169.8450   43.1693  169.8343
  118.2066   39.1487  199.0627
  105.3336   40.8358  209.2443
  107.7132   20.7620  223.0757
   96.7170   24.7200  302.0120
  168.4610   24.2217  164.9781
  181.3860   32.7615  208.0874
  106.2861   30.7099  260.0835
  152.2458   39.0849  183.3245
  178.5175   15.0770  176.2620
  102.0436   32.5500  231.0902
  115.2077   13.9922  212.3524
  155.3910    8.0721  218.3118
  164.4918   40.7001  232.8063
  168.7830   39.9658  150.3936
  139.9590   11.9535  229.9055
  150.1614    4.0555  168.0938
  176.5015   39.4720  227.3212
  127.4488   28.2673  230.9250
  135.7052   29.4540  266.9881
  148.5220   39.6744  187.7074
  168.3399   19.9523  208.4480
  160.9851    8.0256  206.4382
  175.6124   27.6957  208.7125
  167.0811   39.3146  177.1826
  145.7244   10.5433  178.9056
  134.8181   15.0640  220.0341
  166.6262   20.3110  187.1674
  137.8637   19.7355  206.7491
   98.5025   36.5177  290.9494
  132.5400   19.9001  181.3489
  183.9051    1.8203  203.1801
  127.1153   42.0400  244.7162
  161.7316   33.7834  166.2485
  153.4359   26.2961  196.8412
  161.4954   39.0631  166.7547
  195.4230    3.0078  176.1151
  141.9814   51.3404  245.9160
  130.9091   37.5000  262.5909
  171.2862   42.9080  191.1540
  155.6682   25.5318  169.0018
  143.2684   49.9896  194.3688
  113.7792   30.6664  262.3554
  131.1408   25.1033  222.6678
  154.2992    5.7572  222.3063
   86.7950    3.0078  288.1940
  107.5004   20.9023  232.2771
  101.2590   36.9089  243.4218
  114.9180   32.4587  244.7101
  166.5110   38.1857  216.1487
  133.2732   15.8721  239.7392
  132.6166   19.3725  216.2404
  121.4605   42.3296  247.7086
   94.2552   24.9287  277.6355
  161.7507   39.4775  213.6128
  149.6966   30.5355  191.2330
  133.1538   36.1698  240.2388
  167.9092   42.0625  208.8206
  168.7500   12.5000  183.7500
  174.2592   39.6634  183.5656
  169.1109   21.2079  195.2847
  151.3398   19.6654  215.4949
  159.9915   13.9749  229.8709
  136.2854   43.2953  182.8666
   96.0573   41.6427  266.3050
  154.3921    4.7167  165.6421
  107.4680   41.0509  273.1086
  135.0000   22.5000  180.5000
   90.0000    7.5000  299.5000
  164.4868   28.6046  190.8338
  176.1356   22.3811  217.4168
  130.7341    8.2899  260.3775
  148.6128    9.4761  210.0519
  128.1737   12.4510  209.6209
  154.4792   14.5477  189.2659
  132.5672   14.4200  189.1539
  171.5060   30.3915  195.2917
  124.6711   30.6299  260.7976
  123.7500   42.5000  250.7500
  166.5267   38.9618  193.1360
  172.8108   15.9633  217.1451
  151.7536   18.6109  210.9192
  151.6702   14.7616  228.1305
  149.4625   40.6778  186.5251
  162.4046    6.2935  202.2866
  118.2753   22.7508  236.9157
  163.5606   29.4172  217.6681
  135.0000    2.5000  242.5000
  115.2032   41.7857  277.4646
  169.6000   29.3483  178.4470
  137.0414   32.0844  201.7751
  179.3137   45.3047  173.7350
  168.4790   36.7411  167.8721
  108.1556   32.4657  257.5722
  137.2436   29.9158  180.7392
  155.6881   26.5567  224.3367
  106.9499   12.0275  262.4299
  113.8142   22.7930  224.7667
   92.5884   24.5249  301.2186
  116.6951   16.8560  236.3988
  173.5732   16.5219  189.1229
  106.1265   15.6849  285.8511
  155.2257   25.7003  179.4106
  155.1070   44.8179  190.2680
  104.0369   40.3859  263.1414
  127.7147   33.4689  225.4787
  174.2993   41.2369  179.3092
  184.7518   12.8521  197.8267
  170.2289   37.9292  183.0996
  161.8190   33.6985  176.5887
  105.2681   21.4608  274.8736
  172.9468   32.9787  170.8822
  110.3330   10.3389  243.3634
  170.7363   16.9310  192.3612
  156.6788   15.6763  176.6760
  158.1769   23.1641  175.6743
   92.4495    5.2058  268.5219
  131.7133   35.6076  272.4995
  152.5067   33.7100  183.1431
  101.0976    6.1335  236.9243
  123.7133   20.2622  260.4377
  113.5207   21.7358  260.0227
  145.0009   24.3671  239.8173
  161.4441    6.5992  168.6200
  165.4363   41.7347  153.9743
  119.7032   24.2742  261.0154
  108.0339   10.6294  236.1458
  121.3624   16.3081  231.1626
  143.4279   37.6039  180.1777
  174.3423   24.4278  171.6665
  107.4290   25.9417  241.7749
  135.4996   35.8820  243.9545
  177.2441   23.8141  148.9967
  169.4118   25.1390  175.3226
  161.5615   26.0007  175.7063
  169.1668   23.5466  167.0022
  165.6014   39.0265  170.7658
  108.4338   10.2622  259.4134
  105.1207   16.8302  245.5453
  162.5532   24.8886  162.6014
  172.2334   34.0761  201.5122
  178.5282    3.8215  168.8216
  159.2138   37.7602  202.5247
  109.5342    8.7340  253.6495
  149.9486   16.4494  183.2133
  175.5000   32.5000  160.0000
  140.4890   45.7211  259.1886
  129.1518   23.1890  197.8777
  154.6646   46.5032  182.5505
  154.9638   12.1391  233.1808
   94.3441   37.5239  224.2611
  171.2090   22.8393  196.5510
  147.2756   28.3361  173.9928
  157.2016    2.6470  188.4330
  166.5000   32.5000  186.0000
  117.3010   15.2234  232.5741
  155.5536   26.2306  216.4482
  149.5210   15.5843  174.1212
  146.2500   27.5000  190.2500
  108.5373   20.5673  295.4653
  137.1239   29.1719  197.1851
  156.3926   15.0689  176.0890
  180.1548   12.7436  180.1190
  171.6401   40.6816  169.7744
   97.7549   21.6317  271.7295
  150.9504   36.8715  223.8401
  101.1370   20.4934  286.4819
  160.2115   42.8034  197.4972
  150.2458   32.7113  221.1784
  151.8595   37.7000  230.5735
  170.5541   29.6427  165.6221
  181.3621   21.1749  210.6492
  169.5799   39.1891  193.6533
  162.7024   32.1258  199.5834
  135.4537   44.4100  186.1957
  150.4490   27.6749  215.9733
  164.2399   21.1343  223.0676
  153.2484    8.6707  185.4480
  172.4437   25.8925  228.9064
   97.1291   26.0593  251.4399
  111.7791    9.6754  253.9115
  139.9832   26.1025  247.8437
  173.5090   26.5541  173.4387
  104.9129   28.0565  260.2789
  128.8804   34.8379  252.3024
  143.1822   22.9167  185.9958
  121.9060   45.7690  206.6067
  164.3729   20.9308  168.5648
   92.9861   33.8378  269.5260
  173.3469   43.1168  166.4224
  148.0232   47.3044  201.8840
  153.0075   20.7575  218.4864
  173.6588   39.3494  222.5387
  166.7500   22.2593  189.6607
  139.6255   44.3570  184.6688
  111.5326   20.3406  277.6654
  110.2613   34.9847  220.8744
   96.0733   27.2000  261.0855
  181.4500   35.3702  200.5624
  151.7113   22.5518  198.8430
  179.4580   12.4393  206.7501
  143.9385   22.8721  227.2488
  128.0200   31.9559  250.1762
  129.2715   28.5683  232.8563
  171.6063   30.3689  160.2036
  140.4627   17.8130  206.2137
  106.9407    7.9422  239.1674
  181.8865   44.5478  200.6627
  165.8984    8.7878  174.3967
  119.8520   39.9762  266.5386
  175.6792   28.6721  165.6330
  161.6664   13.2874  226.5241
  104.4121   38.6234  250.3443
  128.6108   25.5863  194.9939
  158.3484   20.0889  207.3621
  170.1632   42.5520  207.5182
   95.8538   31.8713  251.6640
  171.8182   37.5000  204.6818
  150.9083   32.5946  238.7198
   89.2530   13.0042  285.7212
  148.7602   39.6156  190.6071
  161.4501   14.4963  182.0095
  138.5729   32.9645  246.7039
  164.3758   44.3052  219.9974
  164.4495   13.0820  217.9479
  136.2358   47.2619  190.7782
  111.0400   14.7089  202.7774
  142.2477   34.2469  207.2482
  168.9827   15.3047  147.5051
  173.3152   12.2947  217.4039
  176.0296   39.3153  171.3351
  137.8139   27.4882  191.7537
  154.7983    9.4245  210.9085
  162.9196   27.4412  212.6907
  163.0999   42.8398  176.6397
  155.5253   50.4250  219.1991
  101.0350   25.1923  277.9859
  112.0097    7.0487  234.6440
  176.2666   27.1988  190.0698
  164.3173   27.8470  170.0066
  126.6369   36.6666  254.1533
  130.9675   24.5214  186.7146
  170.9895   30.0900  192.8058
  130.7401   25.9110  237.8099
  175.5956   30.5428  160.2602
  149.1875   16.3590  243.0921
  176.4503   12.9933  185.5067
  112.5000   32.5000  241.0000
  137.9099   10.6514  178.5797
  161.9523   35.1647  234.3079
  158.8280   45.1270  218.5855
  132.2996   32.2940  189.6222
  125.2402   39.6315  193.0150
  111.6861    5.3952  226.9899
  139.0582   26.1950  194.3472
  171.3123   46.5034  190.4231
  126.8165   39.9173  201.8871
  146.2500   12.5000  201.2500
  140.2783   29.8659  199.8694
  106.4524   42.5853  257.1093
  159.3648   27.0071  207.4839
  170.3248   24.6310  209.4700
  139.2546   11.0579  221.5651
  105.8588   24.1012  221.8597
  151.4598   36.7146  242.0950
  177.6813   33.0419  166.9157
  130.0638   26.0673  239.1577
  120.4111   15.4693  228.1402
   94.0039   33.7827  285.7421
  117.4615   40.9267  266.0777
  107.4888   15.5533  291.5449
  143.4562   10.4726  207.9298
  127.0831   34.2206  231.6418
  140.6017    8.1273  196.0918
  157.1944   38.5171  203.4350
  162.2201   12.6208  178.6556
  170.8644   27.7061  194.9889
  122.7273   37.5000  279.7727
  190.8189    3.8262  147.7959
  144.3215   33.4899  174.9742
  149.3081   34.4006  179.8804
  100.3946   41.9228  236.3260
   92.4190   36.1934  264.0093
  166.4802   28.9926  169.5849
  153.6360   25.1001  239.0786
  146.2500   42.5000  181.2500
  171.3668   17.2688  215.5403
  146.8576   28.4438  164.8550
  213.1033    2.5538  175.4969
  166.5000   32.5000  165.0000
  102.9955   15.8931  235.5935
  158.2735   40.1487  175.8942