This file is created for TexTools software, Resmat Corp 
ODF file name: solodf.HODF 

B	500	0 
	52.47	88.92	68.59	1
	80.57	78.70	27.02	1
	64.45	42.27	15.12	1
	91.34	88.71	54.04	1
	19.60	68.61	95.00	1
	3.39	85.92	25.61	1
	54.18	40.62	17.36	1
	77.21	34.64	8.26	1
	38.04	70.68	33.11	1
	83.56	37.97	29.87	1
	55.65	3.69	43.59	1
	89.48	86.98	81.95	1
	24.04	29.24	355.08	1
	56.63	94.01	66.92	1
	32.63	37.57	6.01	1
	87.87	64.61	12.73	1
	359.92	55.57	77.46	1
	60.62	82.65	66.04	1
	28.24	18.49	59.33	1
	0.83	32.46	87.58	1
	16.90	51.33	12.03	1
	18.70	50.93	67.48	1
	2.35	79.79	94.60	1
	32.72	19.33	69.42	1
	19.03	55.71	86.90	1
	20.74	61.82	27.62	1
	86.14	95.94	2.41	1
	89.82	87.01	84.92	1
	90.39	91.20	23.36	1
	86.24	89.46	59.81	1
	10.40	93.53	52.88	1
	31.92	69.22	13.04	1
	38.87	70.61	37.77	1
	43.76	93.25	60.06	1
	19.16	20.97	75.36	1
	50.95	51.40	27.29	1
	82.26	27.66	22.96	1
	359.35	60.59	91.33	1
	26.23	30.61	11.56	1
	40.56	85.56	54.24	1
	21.86	37.00	74.00	1
	89.40	93.00	13.40	1
	87.16	63.71	81.28	1
	7.67	34.66	86.03	1
	352.71	51.60	85.37	1
	49.67	86.65	67.31	1
	360.00	88.82	84.99	1
	53.82	36.61	54.94	1
	90.08	95.90	7.60	1
	10.98	74.65	10.34	1
	358.87	76.27	93.29	1
	35.17	75.97	69.83	1
	83.85	89.65	53.54	1
	65.14	75.59	21.50	1
	68.79	22.71	37.13	1
	6.90	52.95	9.29	1
	41.00	75.02	63.32	1
	20.73	63.97	97.37	1
	1.77	58.27	20.58	1
	2.33	17.44	2.71	1
	13.37	24.37	80.59	1
	359.12	61.52	13.81	1
	7.33	55.15	10.61	1
	66.69	24.10	40.25	1
	34.32	8.99	42.79	1
	21.24	55.44	27.31	1
	88.26	32.38	29.60	1
	20.41	14.83	68.72	1
	19.06	75.72	26.44	1
	0.29	59.87	10.95	1
	87.84	89.72	9.56	1
	10.13	71.92	27.13	1
	82.31	81.12	57.74	1
	88.28	84.43	75.80	1
	32.40	67.74	74.22	1
	356.49	12.95	98.88	1
	1.54	59.86	97.34	1
	32.84	12.33	58.06	1
	3.37	17.25	92.26	1
	80.26	16.66	359.42	1
	84.70	88.90	20.15	1
	76.89	28.27	14.39	1
	80.00	79.81	33.30	1
	23.77	12.32	64.67	1
	71.61	78.86	47.26	1
	55.48	82.90	58.60	1
	31.83	22.31	59.74	1
	42.19	54.95	70.65	1
	356.58	61.70	88.27	1
	82.95	90.10	10.56	1
	84.74	27.15	53.93	1
	9.79	44.93	13.72	1
	65.63	20.11	47.14	1
	87.21	87.15	24.48	1
	355.94	79.31	86.99	1
	80.67	89.16	23.92	1
	1.14	67.67	23.88	1
	16.11	76.78	21.82	1
	81.01	91.56	0.35	1
	5.49	72.32	96.85	1
	84.52	83.00	25.94	1
	53.85	69.90	40.50	1
	352.66	68.12	82.79	1
	0.85	32.12	89.26	1
	89.79	96.30	5.80	1
	39.79	62.73	23.28	1
	78.16	54.70	29.91	1
	16.76	20.63	76.28	1
	315.41	5.56	43.72	1
	10.42	27.08	66.26	1
	0.41	53.33	92.56	1
	49.50	81.19	62.15	1
	356.39	12.17	99.07	1
	51.43	87.90	70.33	1
	87.88	83.07	81.57	1
	17.92	13.73	34.63	1
	84.63	81.18	76.19	1
	59.32	8.48	36.53	1
	85.70	83.45	83.18	1
	358.43	76.31	92.18	1
	29.38	89.45	74.02	1
	18.03	30.12	82.45	1
	15.18	67.14	88.38	1
	8.74	84.88	88.80	1
	358.54	80.81	11.71	1
	231.60	83.72	71.47	1
	260.28	79.04	21.46	1
	256.46	38.93	18.31	1
	271.78	89.00	54.02	1
	201.12	67.70	94.48	1
	195.68	79.22	20.53	1
	243.38	39.29	14.05	1
	258.65	36.22	25.43	1
	218.98	75.83	28.40	1
	260.22	40.18	35.22	1
	243.97	1.84	35.26	1
	267.90	85.46	80.87	1
	212.86	31.14	343.20	1
	237.82	94.94	67.47	1
	213.30	37.78	5.76	1
	269.47	62.76	13.14	1
	179.53	50.10	81.61	1
	239.15	71.64	74.08	1
	198.85	21.70	67.95	1
	181.50	32.91	86.34	1
	201.31	51.97	5.68	1
	192.14	48.88	77.20	1
	184.47	80.90	88.15	1
	215.92	19.61	62.36	1
	198.76	55.18	87.47	1
	203.56	66.65	20.93	1
	266.53	97.15	1.23	1
	267.85	84.94	83.84	1
	266.26	87.27	23.41	1
	266.80	90.32	59.83	1
	188.72	100.22	54.31	1
	214.18	70.44	9.85	1
	215.50	83.21	31.49	1
	225.34	95.39	59.60	1
	193.17	20.57	75.61	1
	249.88	44.85	26.45	1
	257.46	27.37	26.60	1
	180.53	60.56	90.71	1
	201.40	29.16	17.94	1
	220.98	83.34	55.87	1
	199.32	43.27	73.92	1
	264.08	87.04	12.22	1
	266.78	61.30	77.39	1
	192.67	35.67	80.16	1
	173.55	50.17	83.70	1
	228.69	78.02	72.08	1
	178.47	88.25	88.38	1
	233.85	34.37	56.67	1
	265.00	87.80	5.42	1
	194.92	73.78	8.46	1
	180.22	76.27	86.42	1
	210.61	67.11	81.16	1
	264.17	90.47	53.52	1
	237.82	81.54	22.71	1
	254.74	26.30	17.72	1
	192.32	53.32	2.00	1
	215.01	63.72	76.22	1
	203.40	64.29	94.13	1
	191.37	60.70	7.59	1
	205.30	19.41	337.26	1
	200.72	25.59	69.60	1
	184.69	63.04	1.76	1
	192.66	55.40	3.33	1
	246.96	28.46	32.77	1
	217.11	10.00	42.34	1
	211.40	61.05	11.52	1
	264.71	36.52	37.55	1
	201.35	15.56	65.50	1
	207.63	76.10	20.30	1
	182.18	61.74	6.95	1
	263.78	86.89	7.30	1
	179.15	81.56	26.50	1
	261.89	78.58	64.11	1
	269.17	85.34	75.78	1
	207.54	62.71	82.34	1
	210.95	15.99	61.55	1
	184.45	60.07	90.98	1
	219.02	13.22	50.00	1
	210.55	21.39	61.60	1
	246.70	19.19	18.12	1
	259.92	86.61	19.47	1
	253.34	33.70	33.30	1
	257.79	86.30	30.77	1
	224.39	12.78	44.22	1
	251.60	72.80	49.27	1
	234.65	76.83	62.79	1
	218.34	25.37	50.46	1
	219.28	50.98	75.95	1
	177.78	60.35	86.79	1
	262.41	89.01	7.66	1
	267.16	35.14	53.02	1
	194.84	46.77	6.88	1
	248.22	21.28	37.23	1
	267.09	89.00	24.41	1
	177.83	78.50	91.28	1
	260.64	90.17	23.78	1
	193.09	69.25	13.17	1
	205.89	75.47	16.63	1
	260.34	90.06	4.05	1
	188.38	73.23	88.92	1
	260.01	86.56	23.91	1
	231.34	86.37	35.67	1
	176.62	64.11	81.30	1
	182.38	32.15	86.98	1
	264.31	88.34	3.98	1
	221.17	65.99	18.87	1
	265.38	42.93	33.01	1
	188.64	20.08	81.52	1
	232.03	7.18	307.85	1
	179.07	31.34	76.85	1
	183.84	53.14	89.42	1
	228.13	71.49	69.86	1
	210.61	14.91	62.43	1
	229.97	80.59	74.65	1
	267.61	85.12	80.41	1
	156.08	15.40	78.20	1
	265.10	78.81	81.27	1
	245.87	9.72	25.51	1
	265.54	85.23	82.06	1
	178.54	76.32	92.13	1
	207.37	85.97	78.81	1
	216.36	33.94	58.98	1
	195.47	64.81	89.98	1
	189.42	84.20	86.90	1
	181.56	81.12	3.94	1
	308.64	94.20	248.90	1
	280.14	109.56	203.66	1
	288.45	135.31	188.68	1
	272.76	89.18	233.92	1
	340.22	110.34	271.80	1
	350.38	93.05	204.28	1
	304.18	133.89	192.38	1
	275.52	142.25	178.07	1
	318.66	110.60	210.60	1
	277.86	133.50	210.68	1
	76.33	175.17	356.40	1
	268.40	88.06	262.10	1
	340.17	151.58	178.64	1
	302.68	85.45	247.18	1
	322.13	143.12	184.64	1
	274.85	114.40	195.78	1
	1.81	123.59	257.74	1
	299.23	98.25	245.51	1
	1.55	160.52	270.64	1
	6.80	146.74	273.35	1
	341.87	130.61	191.04	1
	342.02	128.45	247.67	1
	353.96	100.28	266.08	1
	354.65	164.00	275.97	1
	341.34	123.99	267.30	1
	333.30	114.98	202.83	1
	270.06	92.49	181.91	1
	267.88	88.06	265.01	1
	271.86	95.41	203.55	1
	275.33	89.08	239.52	1
	346.82	100.46	225.03	1
	328.16	110.34	192.33	1
	316.16	108.93	214.49	1
	311.18	87.07	239.71	1
	0.37	160.05	273.30	1
	303.42	124.44	204.11	1
	272.38	155.88	186.79	1
	0.77	119.21	267.38	1
	327.87	149.06	187.60	1
	319.59	95.62	236.25	1
	339.78	141.81	254.20	1
	270.19	97.85	193.17	1
	276.06	117.07	264.77	1
	358.44	145.16	272.89	1
	6.21	125.47	260.84	1
	310.06	98.73	248.96	1
	1.84	95.02	263.97	1
	300.18	145.44	227.63	1
	268.58	96.05	186.08	1
	347.40	103.69	182.78	1
	359.61	104.13	264.66	1
	327.74	101.92	249.26	1
	277.51	89.66	233.27	1
	296.52	108.38	203.63	1
	279.16	159.26	197.68	1
	348.85	126.98	183.38	1
	320.87	103.84	242.80	1
	339.18	115.43	275.72	1
	355.04	121.47	193.28	1
	3.09	162.60	188.20	1
	0.41	156.19	272.96	1
	355.63	118.22	181.76	1
	351.76	124.69	188.64	1
	285.97	157.18	207.45	1
	344.01	174.70	245.08	1
	337.43	125.00	207.48	1
	258.65	146.03	198.96	1
	12.18	165.91	282.45	1
	332.95	103.56	201.05	1
	357.00	119.96	184.77	1
	270.12	94.53	189.87	1
	352.80	103.98	208.20	1
	278.76	96.15	237.30	1
	271.30	91.07	255.61	1
	329.84	110.26	253.87	1
	335.97	166.41	255.51	1
	357.22	119.62	269.93	1
	19.61	169.44	290.57	1
	339.12	162.10	258.70	1
	295.11	170.65	197.05	1
	274.19	102.20	201.00	1
	279.19	143.69	186.27	1
	281.04	105.70	214.34	1
	333.45	170.45	244.32	1
	288.64	102.16	225.19	1
	302.65	97.84	238.24	1
	311.25	161.11	221.95	1
	316.56	123.89	250.67	1
	358.12	116.55	261.04	1
	275.98	99.54	191.88	1
	275.41	152.61	235.41	1
	348.65	136.72	191.16	1
	284.38	166.37	214.60	1
	272.60	95.77	204.60	1
	1.46	102.95	263.35	1
	278.81	100.05	205.06	1
	354.02	111.86	192.38	1
	342.62	100.69	193.99	1
	277.72	96.79	182.83	1
	351.89	106.58	268.22	1
	275.57	102.53	206.55	1
	304.39	104.56	216.96	1
	0.72	110.02	255.67	1
	7.91	147.49	276.59	1
	268.65	96.32	184.28	1
	318.36	119.75	203.20	1
	282.42	124.36	210.15	1
	4.46	160.05	276.27	1
	63.45	169.88	245.14	1
	358.03	148.17	250.70	1
	357.82	125.79	267.61	1
	308.31	102.75	244.73	1
	333.91	167.55	254.20	1
	309.91	95.84	250.93	1
	270.32	92.03	261.94	1
	342.54	166.25	214.98	1
	274.14	91.40	257.11	1
	286.29	169.91	201.43	1
	272.63	90.90	262.71	1
	2.32	103.43	263.14	1
	330.67	91.20	256.76	1
	341.46	152.58	263.18	1
	344.57	111.31	265.05	1
	347.54	96.54	264.00	1
	358.91	99.24	178.10	1
	129.24	96.32	250.81	1
	102.51	99.14	206.30	1
	97.32	140.99	184.21	1
	90.38	88.81	234.03	1
	159.32	111.05	271.65	1
	169.03	94.88	201.11	1
	121.97	134.08	190.14	1
	94.69	144.99	190.59	1
	137.40	106.32	206.50	1
	102.06	136.24	222.66	1
	100.93	179.43	200.57	1
	84.89	91.51	263.10	1
	152.91	150.39	169.42	1
	122.24	85.17	247.28	1
	143.12	142.62	185.25	1
	94.52	116.66	199.13	1
	176.89	129.78	254.46	1
	122.14	107.88	252.90	1
	181.66	159.44	269.81	1
	185.36	146.78	271.15	1
	155.78	129.80	182.57	1
	167.86	131.11	257.18	1
	173.81	99.56	264.48	1
	168.01	163.93	267.72	1
	161.66	124.20	267.77	1
	155.24	111.10	202.67	1
	90.76	92.16	181.96	1
	84.08	92.43	266.63	1
	90.72	90.01	203.40	1
	95.73	83.25	239.04	1
	177.13	89.51	234.17	1
	144.05	110.15	188.72	1
	134.93	100.89	207.88	1
	131.51	85.64	238.55	1
	177.99	160.05	270.58	1
	118.44	124.93	197.08	1
	92.67	154.37	190.29	1
	180.60	119.44	267.15	1
	155.78	150.73	196.53	1
	140.39	105.18	245.40	1
	167.04	137.95	260.96	1
	89.60	87.95	193.39	1
	98.62	119.26	264.53	1
	173.60	145.00	266.99	1
	183.23	129.90	258.02	1
	131.93	101.87	251.74	1
	178.98	91.96	252.44	1
	122.57	145.85	233.97	1
	87.22	87.53	186.02	1
	164.56	104.09	181.45	1
	177.66	104.08	263.06	1
	149.70	112.47	261.66	1
	97.38	88.88	233.21	1
	121.46	99.46	202.31	1
	113.19	167.98	209.11	1
	167.47	126.84	181.50	1
	145.19	115.15	257.09	1
	156.71	115.50	273.55	1
	167.03	119.21	184.51	1
	182.16	162.69	186.63	1
	176.38	156.14	268.83	1
	173.92	118.05	182.92	1
	167.56	123.76	181.74	1
	123.88	160.99	218.32	1
	157.68	173.95	238.46	1
	143.47	118.98	190.35	1
	95.12	142.17	218.84	1
	175.47	166.07	264.17	1
	152.49	103.18	200.33	1
	174.03	119.68	182.90	1
	93.29	97.34	191.87	1
	183.04	95.80	213.27	1
	97.55	101.58	243.23	1
	90.07	85.43	255.74	1
	152.79	116.63	262.73	1
	185.75	166.46	280.94	1
	176.34	119.63	269.10	1
	194.22	169.72	284.43	1
	177.32	161.76	272.79	1
	113.48	168.35	202.04	1
	95.80	91.51	197.95	1
	103.22	147.22	206.03	1
	101.35	100.36	207.61	1
	199.82	170.81	289.88	1
	108.54	106.94	227.19	1
	124.30	103.55	242.53	1
	147.13	157.61	241.02	1
	139.39	128.09	256.62	1
	178.63	119.67	259.38	1
	100.15	97.24	192.69	1
	92.55	142.19	235.12	1
	165.61	133.56	187.46	1
	123.23	166.02	229.07	1
	93.79	93.70	204.61	1
	179.68	101.89	266.81	1
	99.80	90.28	203.94	1
	166.29	114.96	187.30	1
	156.66	102.61	197.23	1
	99.88	96.10	183.27	1
	171.52	106.59	267.97	1
	95.72	100.74	202.16	1
	124.45	98.05	212.67	1
	180.33	116.01	259.43	1
	184.45	147.63	271.48	1
	87.38	87.12	184.18	1
	131.27	117.74	194.84	1
	89.67	133.73	209.82	1
	183.46	160.10	274.61	1
	224.66	171.29	226.45	1
	184.74	148.54	260.32	1
	177.06	126.60	266.97	1
	130.52	109.10	250.34	1
	188.12	167.28	283.64	1
	130.77	99.30	254.16	1
	88.73	86.20	261.60	1
	206.99	163.54	260.03	1
	93.95	92.30	258.29	1
	209.42	176.25	304.23	1
	91.66	86.55	262.50	1
	178.34	104.11	261.60	1
	152.78	95.62	259.17	1
	158.23	150.74	255.52	1
	164.24	114.61	266.90	1
	169.27	96.98	263.40	1
	175.41	95.52	182.43	1
