This file is created for TexTools software, Resmat Corp 
ODF file name: solodf.HODF 

B	500	0 
	44.22	95.60	60.15	1
	78.77	78.39	33.02	1
	64.42	38.69	15.64	1
	96.00	89.08	50.92	1
	11.02	58.63	115.26	1
	16.37	71.66	25.98	1
	58.14	41.06	18.19	1
	64.73	39.86	11.40	1
	36.58	73.39	31.84	1
	83.15	29.52	40.10	1
	47.98	10.00	48.07	1
	90.02	80.28	77.35	1
	31.90	33.53	351.72	1
	46.55	95.12	59.15	1
	39.34	39.92	356.27	1
	100.39	64.24	352.74	1
	348.25	52.43	90.08	1
	56.39	93.20	58.36	1
	32.61	18.69	52.47	1
	357.67	35.96	91.13	1
	14.06	50.79	22.02	1
	2.37	47.45	92.55	1
	358.77	74.99	100.04	1
	35.37	28.27	77.01	1
	12.52	51.47	102.06	1
	28.51	61.97	21.83	1
	92.78	98.17	9.25	1
	89.47	87.10	82.27	1
	92.29	90.62	28.23	1
	86.63	89.76	55.81	1
	20.97	97.72	54.89	1
	25.72	59.45	30.61	1
	36.95	75.27	35.03	1
	35.37	96.72	56.30	1
	6.39	21.21	88.80	1
	42.38	57.95	23.21	1
	76.48	26.67	44.13	1
	0.57	56.28	96.23	1
	42.03	35.13	352.01	1
	32.01	93.35	51.50	1
	18.71	36.09	85.35	1
	93.26	92.14	14.44	1
	87.03	63.75	87.99	1
	9.31	38.13	88.76	1
	346.58	49.42	89.87	1
	41.76	95.43	59.28	1
	358.99	89.20	92.21	1
	56.57	29.59	62.65	1
	93.68	97.00	7.90	1
	4.13	71.02	26.61	1
	0.24	71.90	92.39	1
	36.77	86.90	62.71	1
	81.28	90.08	50.71	1
	56.92	73.59	28.90	1
	70.62	25.11	49.45	1
	12.73	50.43	6.77	1
	37.80	92.02	53.54	1
	16.30	58.51	112.69	1
	4.57	55.80	25.09	1
	2.36	22.67	0.37	1
	6.85	27.90	88.71	1
	0.66	55.94	15.17	1
	9.66	51.28	13.43	1
	69.73	25.50	50.80	1
	50.09	8.91	25.29	1
	27.93	57.86	21.59	1
	84.30	28.04	43.91	1
	30.48	20.82	69.49	1
	27.50	65.74	27.55	1
	1.43	54.35	15.00	1
	94.02	96.53	15.20	1
	20.59	64.78	29.93	1
	82.75	90.08	53.73	1
	91.45	80.50	70.81	1
	26.35	60.36	90.77	1
	357.95	17.65	92.59	1
	1.03	54.41	105.55	1
	19.86	6.99	73.50	1
	2.86	22.53	90.44	1
	91.73	21.25	350.65	1
	88.06	90.27	25.05	1
	72.70	31.35	17.43	1
	75.58	80.74	38.59	1
	37.92	18.82	62.29	1
	67.95	89.52	46.78	1
	48.92	92.12	53.05	1
	33.71	21.25	57.40	1
	34.51	42.75	85.90	1
	355.31	57.34	90.18	1
	90.21	95.47	14.84	1
	87.25	27.26	47.08	1
	20.42	46.83	4.03	1
	69.94	25.26	52.79	1
	88.65	90.19	29.12	1
	348.16	76.79	88.27	1
	79.74	88.94	29.29	1
	12.13	66.83	24.80	1
	20.62	65.47	30.02	1
	86.54	95.98	5.62	1
	359.24	66.69	103.72	1
	83.10	87.57	30.82	1
	43.58	77.43	38.24	1
	343.58	64.38	85.95	1
	6.72	36.09	87.81	1
	94.13	98.65	11.23	1
	34.90	60.34	31.34	1
	68.73	59.11	21.36	1
	2.95	22.62	90.47	1
	46.70	12.20	315.75	1
	357.99	26.94	86.02	1
	5.52	50.43	90.86	1
	42.53	93.46	55.61	1
	357.24	16.70	93.05	1
	43.79	96.07	61.19	1
	90.12	70.54	75.71	1
	58.12	14.53	354.07	1
	90.05	75.81	70.41	1
	49.35	15.70	50.24	1
	88.64	70.71	78.14	1
	359.84	71.90	96.50	1
	36.97	103.70	68.82	1
	20.32	34.84	85.83	1
	4.07	59.61	111.60	1
	358.92	82.68	94.62	1
	356.50	75.49	11.41	1
	232.18	101.96	61.49	1
	251.55	85.00	27.72	1
	257.24	37.63	38.68	1
	276.00	90.19	51.01	1
	205.68	61.21	97.78	1
	209.82	71.90	18.08	1
	264.02	38.45	353.84	1
	257.83	33.47	43.89	1
	219.81	75.75	26.11	1
	259.44	41.26	46.45	1
	236.05	6.95	33.80	1
	272.94	86.25	82.43	1
	228.05	38.93	329.49	1
	231.42	108.67	57.33	1
	222.39	41.64	352.64	1
	288.05	57.34	354.79	1
	172.01	48.14	89.47	1
	240.35	66.49	86.27	1
	197.50	26.74	73.07	1
	180.27	36.30	89.23	1
	204.62	53.20	6.01	1
	184.59	47.03	89.81	1
	179.59	76.80	91.60	1
	235.43	31.23	39.55	1
	198.92	52.98	93.50	1
	212.28	66.53	16.17	1
	267.87	112.80	1.50	1
	278.36	80.26	77.43	1
	261.97	89.41	28.06	1
	266.77	90.61	55.84	1
	205.14	112.71	60.35	1
	215.16	66.53	14.11	1
	216.86	79.71	30.43	1
	215.13	97.41	52.49	1
	188.21	25.17	83.35	1
	255.59	39.89	41.16	1
	256.05	34.85	41.60	1
	183.23	56.21	91.43	1
	229.31	41.23	342.22	1
	211.29	94.46	46.52	1
	192.21	42.80	88.06	1
	257.81	85.99	15.37	1
	259.45	55.58	81.21	1
	190.94	38.76	87.56	1
	172.36	48.13	81.54	1
	231.22	90.47	67.28	1
	176.43	84.10	96.28	1
	244.09	42.50	50.18	1
	268.54	101.35	8.46	1
	202.13	69.16	13.59	1
	179.37	71.94	94.00	1
	205.68	60.09	96.11	1
	262.08	93.75	50.51	1
	225.73	84.48	30.66	1
	249.05	31.35	39.65	1
	196.05	51.43	2.62	1
	206.97	55.71	93.62	1
	206.35	59.92	97.92	1
	199.25	56.04	4.54	1
	192.87	23.50	348.13	1
	199.41	30.70	72.75	1
	187.03	58.04	1.31	1
	197.29	52.84	3.24	1
	250.41	34.65	42.08	1
	227.42	19.16	35.98	1
	212.87	61.93	12.38	1
	262.89	33.26	46.30	1
	206.66	21.52	62.64	1
	215.85	70.78	18.59	1
	189.02	58.04	1.64	1
	261.95	87.87	7.90	1
	178.45	86.33	24.41	1
	268.25	84.59	65.27	1
	273.98	87.07	74.72	1
	203.45	57.40	95.31	1
	202.60	20.13	68.06	1
	187.56	55.38	91.64	1
	220.23	20.60	48.78	1
	199.13	25.44	71.67	1
	256.30	26.66	10.67	1
	252.60	86.43	23.40	1
	253.79	37.82	46.90	1
	253.59	88.62	34.91	1
	224.58	20.97	43.16	1
	248.27	87.87	44.91	1
	231.67	95.46	53.45	1
	202.66	27.32	67.70	1
	213.81	44.39	86.80	1
	175.28	56.18	89.94	1
	266.48	97.63	11.82	1
	269.48	37.10	45.28	1
	202.37	47.44	1.36	1
	249.32	36.46	39.88	1
	268.83	91.24	29.10	1
	183.79	73.35	96.90	1
	259.82	89.84	29.12	1
	202.86	68.69	14.55	1
	213.76	70.12	17.08	1
	264.81	101.69	6.60	1
	185.67	67.74	89.76	1
	253.49	86.78	27.65	1
	220.23	87.54	38.88	1
	174.54	58.80	83.76	1
	190.91	36.39	81.77	1
	267.87	102.74	6.25	1
	220.23	68.47	18.46	1
	264.66	32.85	42.89	1
	196.58	25.93	74.69	1
	216.75	8.34	322.97	1
	164.29	35.58	91.90	1
	186.21	50.32	90.61	1
	227.09	74.82	70.63	1
	185.98	17.72	84.16	1
	232.77	93.71	69.15	1
	272.85	86.37	81.68	1
	125.30	26.63	104.97	1
	264.87	77.19	81.12	1
	254.21	27.13	14.66	1
	278.75	80.16	77.14	1
	183.82	73.70	95.05	1
	201.64	90.96	77.16	1
	220.13	41.53	60.26	1
	198.07	58.51	93.84	1
	181.01	83.49	88.65	1
	183.95	75.74	7.66	1
	307.94	81.86	242.27	1
	290.56	110.99	202.71	1
	299.48	131.48	191.54	1
	276.64	89.57	230.87	1
	349.67	117.22	286.36	1
	341.39	100.86	203.58	1
	310.76	129.34	193.54	1
	280.71	142.46	170.29	1
	317.34	109.68	207.48	1
	243.90	139.61	187.80	1
	76.46	160.17	352.61	1
	274.17	83.50	260.53	1
	332.25	145.71	176.07	1
	306.22	80.26	242.80	1
	304.89	140.24	176.67	1
	289.61	113.05	201.35	1
	13.31	124.26	266.05	1
	300.16	84.61	239.05	1
	21.41	153.74	290.87	1
	12.09	142.45	274.07	1
	333.88	133.89	188.49	1
	358.35	129.35	269.57	1
	3.67	104.99	262.15	1
	356.14	158.70	273.56	1
	340.92	128.34	273.03	1
	316.06	124.09	196.64	1
	267.75	86.00	181.71	1
	275.10	81.07	258.83	1
	273.59	94.84	208.63	1
	279.13	88.60	234.87	1
	345.95	94.96	234.42	1
	330.36	121.81	208.27	1
	314.93	107.42	210.32	1
	309.81	81.39	238.95	1
	9.09	154.93	277.75	1
	311.86	112.41	204.39	1
	273.59	156.94	190.26	1
	4.25	123.71	268.54	1
	308.26	144.06	174.51	1
	314.05	86.89	232.32	1
	348.66	140.52	269.73	1
	270.79	96.50	198.24	1
	295.04	116.42	284.99	1
	355.39	142.09	269.85	1
	15.09	128.18	267.29	1
	308.27	84.56	241.33	1
	359.43	98.34	264.37	1
	288.85	153.82	229.48	1
	269.28	104.04	189.95	1
	351.68	108.73	182.22	1
	2.67	104.19	270.06	1
	325.47	86.35	244.52	1
	280.74	89.13	230.58	1
	305.15	109.74	209.89	1
	279.41	157.33	204.77	1
	346.77	130.45	185.46	1
	316.73	89.01	234.94	1
	344.27	118.72	291.01	1
	354.81	127.43	198.24	1
	12.83	157.17	193.39	1
	1.97	151.48	271.43	1
	354.12	122.67	180.15	1
	346.63	129.27	187.18	1
	284.43	156.06	219.61	1
	11.56	174.83	282.04	1
	319.76	129.74	200.84	1
	251.29	148.70	202.96	1
	7.12	161.03	276.78	1
	325.13	117.29	206.60	1
	352.76	124.31	180.82	1
	270.33	99.54	195.53	1
	338.10	110.12	205.51	1
	281.64	88.99	232.98	1
	270.93	86.73	251.13	1
	337.08	110.17	264.40	1
	352.60	162.74	275.45	1
	357.35	123.67	270.01	1
	31.85	162.24	302.65	1
	336.89	157.66	262.65	1
	270.39	172.08	171.90	1
	273.89	100.76	206.34	1
	281.54	141.37	173.56	1
	286.67	108.02	221.10	1
	331.71	168.85	251.39	1
	292.48	96.46	223.50	1
	302.81	86.97	232.97	1
	297.22	165.92	204.33	1
	320.71	134.52	268.27	1
	2.72	117.68	265.51	1
	270.70	100.96	196.59	1
	272.18	152.62	228.06	1
	336.45	136.52	180.07	1
	281.49	161.36	216.24	1
	274.13	98.86	209.94	1
	11.77	110.02	259.37	1
	282.93	106.54	210.24	1
	356.52	117.56	193.61	1
	349.64	104.93	193.62	1
	269.89	97.24	185.60	1
	356.68	111.57	267.25	1
	277.80	102.95	212.52	1
	307.19	110.34	219.12	1
	7.29	110.26	260.37	1
	13.01	143.07	277.18	1
	269.34	105.06	187.09	1
	319.68	116.20	202.73	1
	297.64	114.30	206.63	1
	19.19	153.76	288.64	1
	77.54	155.18	257.89	1
	24.86	143.26	281.39	1
	4.92	128.72	271.03	1
	305.93	87.78	236.30	1
	358.70	162.46	276.49	1
	308.72	82.22	243.27	1
	271.31	84.06	257.02	1
	299.67	162.81	172.56	1
	269.55	90.74	252.48	1
	320.69	171.55	239.46	1
	269.70	85.47	258.11	1
	2.34	102.28	272.26	1
	325.71	80.88	253.09	1
	342.60	148.35	267.96	1
	349.17	117.09	271.63	1
	345.83	94.90	263.48	1
	3.47	101.32	173.76	1
	128.58	79.58	240.89	1
	110.43	93.76	212.64	1
	83.80	138.54	150.29	1
	95.29	88.97	230.98	1
	154.24	119.22	274.88	1
	158.29	102.12	200.41	1
	123.35	130.93	183.83	1
	95.42	144.72	201.10	1
	135.97	106.04	203.79	1
	104.24	143.32	241.33	1
	243.52	173.17	338.78	1
	83.68	90.13	261.76	1
	135.92	138.06	151.16	1
	125.89	71.93	238.44	1
	125.69	137.98	175.92	1
	92.25	114.22	189.30	1
	188.94	132.09	267.58	1
	124.34	107.00	257.04	1
	181.61	154.48	270.60	1
	189.70	142.79	271.28	1
	148.44	131.60	181.06	1
	175.62	132.97	269.75	1
	175.07	104.44	255.39	1
	173.48	158.85	269.02	1
	159.57	127.98	271.32	1
	135.05	115.24	193.20	1
	87.54	95.67	184.20	1
	87.90	78.04	264.82	1
	91.19	90.60	208.18	1
	100.67	78.55	233.02	1
	175.53	86.28	234.19	1
	131.84	117.95	189.37	1
	133.52	103.05	206.43	1
	131.23	70.48	230.77	1
	181.31	155.24	269.96	1
	125.89	116.83	196.52	1
	96.00	153.73	202.96	1
	180.76	124.23	259.49	1
	122.57	139.98	161.90	1
	146.61	115.62	265.03	1
	171.44	137.17	269.59	1
	91.23	93.73	197.69	1
	117.65	121.86	279.09	1
	174.11	141.95	269.51	1
	193.08	131.39	266.86	1
	131.79	91.58	247.09	1
	179.84	91.27	246.13	1
	114.24	140.47	235.46	1
	91.56	96.90	191.44	1
	164.75	110.46	181.91	1
	178.71	108.81	263.51	1
	151.18	120.63	273.81	1
	100.36	87.04	230.19	1
	126.85	100.62	206.63	1
	199.15	171.16	292.14	1
	163.35	129.66	180.90	1
	149.31	123.10	272.61	1
	149.35	122.33	274.09	1
	161.81	123.11	181.40	1
	191.17	157.53	189.73	1
	181.71	151.45	271.12	1
	170.66	122.71	180.44	1
	163.04	127.63	181.36	1
	162.15	163.44	253.86	1
	168.34	174.53	257.93	1
	127.71	123.53	187.03	1
	98.22	146.38	234.78	1
	185.55	161.63	276.14	1
	132.93	112.15	194.66	1
	170.18	124.16	180.60	1
	89.89	89.08	190.83	1
	196.29	85.30	216.85	1
	95.48	84.39	239.48	1
	91.46	86.86	251.31	1
	153.60	123.33	272.84	1
	199.98	161.04	287.25	1
	177.41	123.70	269.47	1
	214.68	162.27	297.09	1
	184.97	156.79	275.50	1
	203.76	173.10	294.01	1
	94.10	89.84	202.68	1
	101.42	147.95	222.42	1
	109.33	93.41	213.49	1
	195.40	170.49	283.16	1
	112.41	93.68	221.42	1
	123.07	86.16	232.10	1
	164.63	154.76	258.27	1
	139.50	130.42	268.11	1
	181.81	124.70	259.98	1
	110.02	102.37	200.38	1
	90.31	143.48	228.50	1
	155.92	133.90	180.08	1
	142.99	163.40	243.06	1
	94.90	90.73	208.85	1
	179.78	106.79	267.54	1
	100.95	90.92	209.39	1
	156.90	122.15	183.77	1
	141.40	109.50	195.75	1
	102.72	100.07	190.64	1
	176.27	111.64	267.26	1
	101.41	97.83	201.19	1
	126.29	99.08	211.17	1
	180.91	121.66	258.49	1
	188.34	143.51	270.96	1
	91.80	97.94	189.16	1
	130.45	115.91	194.04	1
	80.84	141.19	212.08	1
	187.37	155.78	274.10	1
	218.28	166.09	216.17	1
	198.99	144.22	273.24	1
	179.31	129.19	269.71	1
	136.40	116.34	265.38	1
	202.90	161.77	289.76	1
	130.23	87.65	248.24	1
	89.27	79.36	256.60	1
	238.00	153.88	292.34	1
	90.43	87.19	254.11	1
	202.45	169.50	297.63	1
	89.24	80.80	258.39	1
	179.40	108.74	262.71	1
	158.33	96.74	260.18	1
	157.94	145.44	257.50	1
	165.07	120.26	271.06	1
	172.20	101.46	255.37	1
	175.48	97.02	182.64	1
