This file is created for TexTools software, Resmat Corp 
ODF file name: solodf.HODF 

B	500	0 
	32.39	96.74	55.99	1
	71.60	78.46	41.68	1
	63.98	37.22	12.94	1
	99.57	83.89	47.81	1
	20.77	58.31	115.92	1
	24.84	59.34	32.39	1
	63.17	36.77	16.13	1
	60.98	40.64	14.24	1
	37.69	71.28	30.62	1
	81.13	27.53	50.27	1
	50.54	23.34	56.43	1
	91.49	81.54	69.56	1
	39.81	34.53	348.95	1
	35.80	96.97	55.27	1
	42.24	38.25	352.34	1
	127.06	62.28	331.30	1
	343.80	48.94	89.39	1
	41.15	92.75	52.05	1
	27.75	17.69	53.06	1
	357.75	39.77	90.56	1
	21.17	53.85	20.41	1
	5.76	46.31	91.60	1
	358.69	67.88	98.33	1
	42.69	32.57	76.79	1
	12.72	49.93	110.99	1
	32.06	62.26	21.17	1
	93.01	96.71	12.47	1
	89.38	80.04	74.71	1
	97.15	91.36	35.09	1
	85.15	88.98	51.23	1
	34.57	103.97	62.91	1
	29.11	59.26	29.71	1
	37.20	74.11	33.07	1
	33.25	97.87	57.27	1
	7.07	29.11	88.43	1
	35.51	61.06	29.54	1
	76.10	27.41	53.66	1
	3.44	50.75	100.35	1
	48.49	33.85	345.76	1
	34.66	95.95	53.23	1
	25.15	38.29	85.36	1
	89.95	91.63	20.67	1
	82.08	63.79	93.84	1
	14.59	40.73	88.31	1
	341.77	47.35	89.61	1
	35.28	98.21	57.23	1
	359.54	89.15	115.96	1
	57.86	30.04	67.70	1
	92.55	96.95	12.33	1
	21.64	64.78	25.40	1
	358.78	64.41	98.37	1
	39.55	101.54	61.34	1
	77.57	90.26	48.03	1
	40.54	76.39	34.31	1
	72.69	27.45	56.02	1
	16.40	48.88	9.95	1
	35.55	95.96	53.43	1
	24.74	58.51	112.42	1
	16.58	58.99	24.10	1
	5.44	30.21	358.26	1
	12.50	35.18	87.62	1
	8.18	49.67	12.77	1
	13.02	49.43	17.79	1
	71.61	27.61	57.12	1
	70.75	10.43	359.23	1
	30.74	58.97	21.45	1
	83.29	27.46	49.36	1
	25.77	31.71	83.30	1
	32.05	63.15	26.52	1
	10.59	49.31	10.20	1
	90.17	88.97	16.26	1
	26.95	60.09	30.46	1
	78.41	90.41	49.67	1
	92.43	84.46	63.25	1
	21.58	56.29	107.65	1
	0.76	24.74	90.11	1
	10.18	49.24	100.74	1
	25.85	14.22	65.30	1
	5.96	30.18	88.25	1
	98.02	23.39	331.35	1
	92.90	91.02	31.91	1
	63.62	39.22	13.12	1
	68.73	89.21	42.21	1
	57.20	25.37	57.41	1
	59.85	90.19	45.94	1
	34.54	92.96	49.91	1
	43.86	19.86	43.15	1
	37.24	40.30	84.86	1
	350.77	52.28	92.59	1
	103.63	94.97	26.00	1
	87.77	27.37	46.66	1
	25.51	47.34	3.26	1
	71.95	27.71	57.31	1
	87.81	90.05	35.01	1
	352.23	69.21	91.49	1
	74.06	87.33	36.62	1
	20.17	58.29	32.06	1
	27.01	60.28	30.72	1
	98.55	99.67	13.09	1
	0.82	58.24	101.28	1
	78.88	85.97	37.20	1
	33.22	78.87	41.40	1
	332.68	55.19	87.09	1
	10.80	40.10	88.86	1
	112.07	103.42	20.57	1
	34.84	60.88	31.74	1
	41.28	65.13	35.09	1
	6.17	30.28	88.23	1
	52.13	22.25	322.70	1
	356.52	33.42	89.87	1
	8.18	47.88	92.41	1
	35.91	96.27	54.01	1
	10.67	23.12	83.53	1
	38.27	100.20	59.22	1
	91.43	75.90	71.33	1
	82.39	26.11	321.35	1
	93.04	82.51	62.06	1
	60.22	24.92	55.24	1
	100.94	66.97	75.39	1
	358.37	64.44	98.28	1
	41.22	108.35	69.59	1
	28.15	37.31	84.19	1
	16.09	58.90	110.21	1
	356.33	75.62	102.35	1
	358.58	67.75	9.40	1
	215.71	106.79	50.05	1
	240.64	87.91	35.94	1
	257.78	40.90	48.55	1
	279.91	89.37	48.48	1
	209.76	59.66	100.00	1
	216.89	68.31	17.09	1
	274.95	40.10	321.52	1
	259.27	43.30	47.78	1
	217.20	76.31	25.60	1
	260.82	41.79	48.47	1
	215.16	8.87	54.29	1
	274.85	83.69	79.43	1
	238.77	37.20	328.90	1
	216.67	104.41	52.55	1
	228.08	41.36	345.12	1
	307.66	63.94	344.47	1
	174.28	46.40	82.00	1
	221.15	66.41	105.23	1
	200.81	35.02	73.52	1
	184.19	40.09	89.12	1
	207.70	55.71	8.01	1
	187.09	46.32	90.37	1
	181.77	73.76	88.88	1
	246.93	33.16	47.41	1
	203.48	53.13	95.47	1
	216.07	65.81	15.36	1
	264.28	112.79	357.51	1
	295.56	76.26	69.19	1
	257.68	89.20	35.09	1
	265.43	90.17	51.31	1
	212.27	116.87	63.67	1
	216.61	66.18	15.63	1
	215.70	78.76	28.91	1
	214.78	102.39	51.10	1
	201.83	34.77	71.88	1
	257.07	42.29	48.73	1
	256.24	33.88	51.07	1
	189.24	51.08	91.01	1
	236.03	43.01	335.21	1
	213.46	93.26	47.59	1
	197.39	43.05	87.91	1
	258.34	90.05	23.45	1
	266.49	51.99	73.45	1
	200.48	42.47	80.78	1
	163.71	46.07	86.92	1
	223.10	103.97	56.11	1
	186.52	76.37	99.66	1
	250.00	43.34	52.31	1
	273.28	114.76	10.88	1
	211.99	66.00	14.20	1
	184.59	67.06	89.74	1
	209.01	58.83	99.38	1
	258.27	91.32	47.63	1
	214.47	83.32	34.74	1
	252.64	37.30	49.95	1
	201.36	50.80	3.55	1
	208.20	56.85	98.49	1
	209.93	59.42	100.06	1
	204.42	54.78	6.25	1
	195.00	31.43	347.98	1
	201.97	38.37	75.52	1
	192.72	52.28	1.87	1
	202.28	52.51	4.85	1
	253.95	42.01	49.88	1
	242.71	26.54	28.54	1
	214.41	63.45	13.66	1
	262.94	33.90	48.98	1
	199.77	28.42	71.63	1
	219.01	69.09	18.15	1
	194.73	52.55	2.40	1
	267.51	102.23	13.54	1
	177.22	84.99	27.21	1
	275.29	89.04	59.54	1
	270.19	90.31	68.77	1
	207.25	56.85	98.04	1
	193.20	26.64	79.03	1
	193.24	51.02	91.85	1
	195.98	23.92	74.88	1
	195.92	32.64	77.16	1
	267.71	26.16	359.79	1
	241.84	87.22	33.49	1
	255.26	37.48	51.23	1
	246.45	89.10	39.66	1
	208.95	25.87	61.09	1
	240.31	89.97	44.79	1
	213.76	99.80	44.99	1
	198.58	34.14	75.05	1
	216.23	43.43	85.89	1
	173.13	51.35	89.42	1
	270.57	101.21	19.60	1
	269.56	37.56	45.26	1
	207.38	46.26	0.56	1
	252.91	36.72	49.58	1
	274.30	95.79	35.45	1
	195.41	60.74	94.37	1
	254.21	88.72	36.21	1
	212.66	65.49	13.97	1
	217.70	67.93	16.98	1
	269.29	113.96	7.98	1
	186.20	59.80	91.05	1
	249.14	88.44	34.33	1
	212.51	86.71	39.65	1
	166.73	52.14	87.53	1
	191.08	40.29	88.12	1
	272.30	115.43	6.08	1
	220.12	69.41	18.69	1
	263.67	33.62	47.60	1
	201.83	34.69	71.49	1
	220.05	17.03	319.01	1
	158.69	40.01	91.14	1
	190.14	48.25	90.94	1
	228.21	92.33	62.99	1
	197.05	26.23	73.05	1
	223.06	107.39	55.72	1
	274.63	84.33	77.97	1
	112.56	33.98	102.03	1
	266.71	77.43	80.99	1
	251.53	28.18	34.67	1
	296.07	76.26	69.12	1
	182.29	70.05	89.41	1
	193.69	103.33	65.07	1
	232.37	35.43	59.94	1
	203.66	55.31	96.01	1
	186.68	76.42	99.40	1
	197.78	69.14	13.60	1
	309.87	78.38	242.38	1
	306.07	111.12	210.74	1
	313.54	121.24	197.85	1
	280.87	89.27	228.52	1
	346.59	120.66	295.40	1
	321.30	118.28	202.84	1
	312.99	125.70	194.51	1
	283.78	147.23	159.56	1
	317.61	110.52	207.06	1
	227.22	138.20	182.72	1
	89.21	155.28	8.38	1
	275.42	82.42	256.29	1
	323.42	140.68	177.72	1
	309.50	78.47	242.39	1
	299.90	140.25	173.97	1
	306.49	110.22	209.16	1
	20.02	127.19	265.89	1
	304.58	81.70	238.56	1
	18.17	146.53	285.06	1
	16.13	139.28	272.68	1
	316.34	137.41	182.20	1
	358.02	131.86	270.11	1
	20.42	117.66	263.13	1
	357.82	151.26	271.75	1
	337.83	134.17	279.67	1
	315.98	122.67	197.78	1
	268.92	107.68	182.55	1
	293.45	76.43	249.58	1
	279.98	100.68	217.05	1
	285.02	88.48	230.87	1
	343.93	95.73	234.57	1
	317.99	127.70	203.31	1
	315.28	108.28	208.95	1
	310.07	79.02	241.07	1
	20.68	145.81	287.00	1
	315.79	111.26	206.66	1
	278.32	156.38	209.20	1
	10.12	128.85	268.78	1
	298.45	142.65	170.48	1
	310.01	82.96	235.07	1
	344.14	137.93	269.54	1
	272.56	95.65	205.82	1
	312.25	113.11	297.84	1
	352.22	138.82	269.66	1
	20.63	129.07	266.53	1
	309.21	79.38	241.11	1
	359.62	101.58	264.94	1
	283.96	151.23	243.88	1
	273.58	112.08	195.59	1
	354.60	116.54	182.11	1
	358.98	111.08	268.29	1
	316.30	75.41	245.73	1
	286.13	88.53	229.14	1
	310.62	108.32	210.24	1
	280.62	154.97	231.00	1
	337.55	133.22	181.22	1
	311.14	82.23	236.28	1
	325.62	121.70	288.08	1
	347.00	135.42	196.53	1
	21.02	148.13	198.94	1
	16.35	143.68	281.50	1
	352.67	128.09	182.76	1
	338.09	133.16	184.75	1
	283.18	152.15	245.27	1
	42.79	166.72	313.55	1
	314.21	124.68	193.23	1
	255.37	151.45	212.84	1
	18.04	152.28	287.18	1
	319.20	120.33	204.23	1
	352.15	129.58	186.37	1
	271.59	93.32	202.81	1
	319.40	122.12	201.25	1
	287.52	88.11	230.47	1
	274.67	89.95	245.70	1
	350.34	120.72	288.60	1
	349.27	154.33	269.32	1
	356.52	128.33	270.32	1
	9.81	157.46	278.95	1
	329.42	147.34	264.52	1
	238.27	162.66	133.82	1
	278.00	100.36	214.59	1
	286.85	144.89	165.15	1
	294.97	104.35	215.81	1
	6.52	162.05	281.96	1
	297.35	96.91	222.53	1
	304.63	83.65	234.76	1
	236.57	163.37	144.55	1
	304.87	135.28	269.91	1
	8.28	124.26	268.38	1
	272.19	93.59	203.88	1
	271.28	152.61	228.17	1
	327.43	135.81	179.74	1
	281.88	153.84	239.57	1
	280.25	98.09	217.58	1
	24.67	111.83	255.57	1
	293.26	108.39	214.04	1
	356.06	126.46	197.79	1
	356.84	112.14	191.72	1
	270.45	104.19	191.05	1
	3.30	118.87	269.17	1
	284.75	101.32	220.16	1
	309.54	106.12	214.37	1
	18.35	122.25	265.63	1
	14.89	139.45	273.02	1
	278.62	113.14	190.84	1
	317.31	117.27	202.09	1
	309.49	108.36	210.01	1
	16.28	146.65	282.93	1
	69.41	151.03	231.53	1
	34.53	138.61	286.05	1
	7.32	131.56	269.44	1
	306.59	82.42	236.73	1
	4.89	154.91	275.63	1
	310.36	78.06	242.84	1
	270.91	91.65	256.31	1
	278.89	152.83	146.19	1
	273.53	86.90	245.27	1
	350.98	171.76	268.19	1
	273.46	90.27	259.26	1
	3.14	109.00	264.44	1
	316.70	71.35	250.82	1
	336.01	142.25	267.99	1
	348.95	125.49	278.96	1
	340.28	89.55	258.42	1
	359.57	103.63	177.69	1
	131.53	71.49	236.63	1
	117.24	94.92	215.17	1
	81.37	142.83	135.53	1
	98.81	86.60	228.00	1
	140.50	126.70	273.30	1
	136.89	111.49	196.09	1
	126.28	129.29	185.06	1
	99.28	143.02	235.29	1
	135.88	106.50	202.60	1
	100.30	142.59	237.35	1
	221.37	166.49	309.38	1
	89.86	75.21	254.56	1
	117.54	140.93	146.65	1
	130.18	72.43	239.13	1
	118.04	133.57	168.58	1
	94.10	112.47	184.16	1
	194.27	132.71	267.96	1
	128.02	117.78	277.03	1
	185.78	147.44	272.05	1
	195.36	139.77	271.91	1
	135.08	133.19	180.86	1
	174.21	133.92	270.06	1
	176.98	112.97	257.33	1
	178.26	151.61	268.78	1
	151.17	131.27	271.02	1
	133.80	115.01	194.85	1
	98.49	102.50	190.59	1
	91.87	64.10	264.95	1
	95.91	91.31	214.88	1
	107.56	83.11	228.97	1
	164.05	74.76	235.75	1
	132.87	117.44	193.13	1
	133.61	104.35	204.88	1
	132.23	67.85	231.98	1
	185.54	148.07	271.97	1
	136.03	109.04	200.32	1
	99.58	143.33	228.05	1
	191.20	129.65	266.34	1
	116.40	137.62	173.06	1
	140.34	124.92	273.97	1
	168.69	135.99	269.81	1
	91.93	89.92	203.09	1
	134.28	112.99	287.56	1
	170.76	138.63	269.34	1
	199.25	131.89	267.62	1
	131.12	73.96	237.57	1
	195.25	108.70	245.45	1
	107.45	135.50	249.05	1
	110.06	102.55	200.71	1
	157.95	121.07	183.84	1
	180.27	116.41	264.22	1
	137.36	127.41	273.30	1
	105.73	88.32	228.43	1
	130.12	102.00	207.08	1
	220.72	159.26	299.48	1
	156.69	132.16	180.61	1
	135.75	128.69	272.87	1
	134.32	128.30	273.19	1
	154.15	128.63	181.58	1
	186.34	151.20	181.49	1
	187.48	144.88	272.28	1
	165.32	128.37	181.04	1
	155.76	131.09	180.89	1
	193.46	156.62	279.74	1
	227.38	164.27	309.61	1
	134.49	120.01	192.34	1
	96.50	145.49	234.36	1
	185.40	156.11	270.52	1
	133.95	112.14	196.89	1
	164.77	129.23	180.91	1
	92.85	94.58	197.90	1
	209.56	79.61	211.72	1
	102.79	79.65	231.08	1
	92.83	83.05	243.62	1
	141.57	128.82	272.35	1
	200.50	151.47	275.98	1
	177.70	128.30	269.90	1
	234.44	154.90	302.08	1
	186.71	149.67	271.79	1
	213.59	171.99	300.70	1
	95.46	90.92	210.43	1
	101.12	142.58	239.64	1
	116.10	94.45	215.87	1
	199.78	163.10	288.13	1
	117.38	93.23	219.67	1
	124.95	81.51	231.69	1
	174.22	148.22	269.92	1
	124.05	132.60	271.56	1
	192.41	129.65	267.04	1
	124.23	103.65	203.08	1
	89.14	142.63	225.19	1
	146.97	134.42	180.19	1
	166.29	157.74	262.24	1
	100.17	91.28	215.84	1
	180.39	114.20	264.04	1
	107.40	92.29	216.05	1
	145.15	128.22	182.32	1
	131.16	114.75	194.10	1
	120.03	104.24	200.65	1
	180.92	119.12	263.46	1
	111.10	93.75	212.56	1
	128.53	100.61	209.18	1
	185.68	129.13	256.38	1
	193.90	139.93	271.67	1
	111.12	104.48	199.32	1
	133.62	113.08	196.37	1
	84.54	139.64	221.48	1
	187.68	148.32	272.02	1
	233.09	155.68	213.99	1
	206.92	142.12	275.26	1
	174.77	131.52	263.56	1
	131.98	123.73	277.62	1
	179.86	160.31	268.30	1
	131.38	72.61	239.13	1
	91.64	80.62	248.97	1
	244.86	151.17	296.91	1
	92.47	83.82	246.65	1
	222.27	158.20	299.91	1
	91.72	77.54	249.78	1
	178.51	116.16	261.65	1
	165.86	103.36	260.46	1
	157.07	139.60	264.44	1
	159.40	126.77	271.67	1
	178.93	102.36	247.66	1
	172.53	98.49	180.20	1
