This file is created for TexTools software, Resmat Corp 
ODF file name: solodf.HODF 

B	500	0 
	34.16	99.29	59.33	1
	61.14	89.74	44.81	1
	62.19	38.75	16.17	1
	106.56	88.40	47.25	1
	26.11	57.26	118.34	1
	33.99	63.36	22.38	1
	61.21	39.40	17.43	1
	62.81	37.80	18.99	1
	36.96	67.44	32.11	1
	82.46	27.52	50.54	1
	65.59	27.20	58.57	1
	94.20	83.80	59.32	1
	48.94	32.76	344.04	1
	36.97	99.69	58.35	1
	47.25	34.90	347.26	1
	134.14	69.65	332.21	1
	335.10	46.70	89.61	1
	36.29	95.21	52.10	1
	38.70	16.86	43.61	1
	355.93	42.70	90.69	1
	29.17	57.98	17.18	1
	11.78	46.45	90.92	1
	359.85	57.47	102.32	1
	51.63	31.91	72.25	1
	23.06	54.76	107.63	1
	33.37	61.32	24.17	1
	92.36	95.03	17.01	1
	92.32	85.94	64.43	1
	104.60	91.36	40.01	1
	81.54	90.17	47.69	1
	39.79	106.93	67.75	1
	35.86	63.53	21.76	1
	35.84	69.64	34.42	1
	35.82	101.12	60.94	1
	14.88	37.61	87.75	1
	38.42	65.68	23.86	1
	78.42	27.73	53.50	1
	15.81	48.26	93.06	1
	55.76	31.38	340.07	1
	34.99	97.56	55.93	1
	35.14	36.99	81.79	1
	95.86	90.88	30.07	1
	55.47	66.15	110.78	1
	22.84	40.97	87.38	1
	332.21	46.01	89.73	1
	37.54	101.68	60.99	1
	10.86	72.77	117.63	1
	64.41	29.35	63.65	1
	115.86	103.22	21.47	1
	29.85	60.99	24.15	1
	2.84	54.05	101.41	1
	35.78	101.95	62.05	1
	71.29	90.16	46.31	1
	36.69	70.97	37.12	1
	75.73	27.92	55.46	1
	19.93	51.18	15.30	1
	35.92	98.01	56.04	1
	27.30	57.61	116.93	1
	23.72	57.09	28.18	1
	12.84	38.22	358.24	1
	21.29	39.31	86.63	1
	19.50	49.71	7.98	1
	21.14	53.17	17.78	1
	75.05	27.99	55.97	1
	67.81	10.12	358.17	1
	31.18	59.93	24.72	1
	84.50	27.45	49.05	1
	36.77	35.18	80.43	1
	32.54	60.13	30.64	1
	17.26	48.24	11.54	1
	94.80	89.99	24.36	1
	35.19	63.39	21.79	1
	72.27	90.24	47.01	1
	100.55	80.88	52.49	1
	25.52	56.71	112.73	1
	7.01	34.01	87.79	1
	16.93	48.11	101.97	1
	354.43	14.46	94.70	1
	13.47	38.19	88.12	1
	100.41	27.93	297.11	1
	100.52	90.89	39.07	1
	61.14	40.77	18.17	1
	57.65	88.41	44.91	1
	64.66	28.32	62.23	1
	42.45	90.15	45.41	1
	33.86	94.33	51.27	1
	38.75	16.97	45.62	1
	42.28	37.14	80.87	1
	347.74	48.11	89.63	1
	115.02	94.38	34.69	1
	88.28	27.38	46.28	1
	27.66	49.28	6.39	1
	75.56	27.96	55.62	1
	86.18	89.87	40.24	1
	356.98	59.49	90.94	1
	64.87	89.19	42.37	1
	32.57	62.06	20.19	1
	35.26	63.51	21.98	1
	120.66	103.79	22.00	1
	9.27	49.66	100.95	1
	71.88	84.07	42.68	1
	34.65	79.13	37.72	1
	314.78	49.38	87.94	1
	18.65	41.35	87.70	1
	128.40	103.25	24.49	1
	38.64	65.81	24.56	1
	37.68	72.92	30.57	1
	13.75	38.24	88.08	1
	66.26	26.91	327.56	1
	353.59	39.48	90.51	1
	11.48	46.43	97.17	1
	36.50	98.50	56.74	1
	9.64	32.67	87.81	1
	34.05	99.74	60.16	1
	94.27	81.61	60.78	1
	84.63	27.41	319.01	1
	100.47	83.39	52.16	1
	66.58	28.15	60.95	1
	128.72	63.67	56.85	1
	2.46	54.07	101.58	1
	40.64	108.62	69.59	1
	38.14	35.97	80.26	1
	24.84	58.20	113.67	1
	359.98	65.22	95.04	1
	0.00	57.37	12.28	1
	215.70	105.30	53.73	1
	223.02	88.59	41.11	1
	258.11	33.70	52.89	1
	286.74	88.60	48.11	1
	212.68	61.57	102.17	1
	218.69	68.19	17.50	1
	276.48	38.42	306.19	1
	259.34	34.17	51.66	1
	214.88	76.48	25.06	1
	260.99	33.77	51.11	1
	212.44	19.74	56.53	1
	274.01	83.55	75.80	1
	247.07	38.12	327.73	1
	216.23	105.77	55.27	1
	236.12	43.48	335.64	1
	317.57	70.93	339.90	1
	163.89	45.16	88.84	1
	219.13	68.24	107.62	1
	200.79	40.48	84.21	1
	193.41	43.46	81.54	1
	210.74	59.09	10.47	1
	193.96	45.82	88.81	1
	180.77	64.26	90.33	1
	249.60	34.53	55.93	1
	207.84	55.98	98.16	1
	217.46	66.83	16.37	1
	242.60	110.30	345.85	1
	309.66	76.84	65.08	1
	249.75	89.40	40.75	1
	261.83	91.17	47.52	1
	212.61	119.83	59.43	1
	217.79	67.16	16.65	1
	217.33	76.50	25.81	1
	216.51	108.31	52.13	1
	202.60	40.98	81.49	1
	257.29	33.97	53.21	1
	259.35	37.13	51.02	1
	195.64	49.13	92.12	1
	243.22	42.22	329.55	1
	212.89	100.16	46.86	1
	206.17	44.13	85.70	1
	254.45	88.71	33.79	1
	257.67	54.31	82.03	1
	203.61	42.30	86.92	1
	152.30	45.11	89.82	1
	217.25	102.39	55.53	1
	205.15	68.50	104.73	1
	250.78	34.27	57.20	1
	303.19	116.06	28.09	1
	215.77	65.26	14.93	1
	186.94	56.89	91.46	1
	212.09	60.88	101.66	1
	252.41	94.96	45.37	1
	215.71	80.77	31.70	1
	257.13	41.68	50.20	1
	205.90	53.74	6.65	1
	211.23	59.75	100.90	1
	212.73	61.57	102.20	1
	208.71	57.09	8.87	1
	199.33	39.73	352.59	1
	206.05	42.21	80.45	1
	200.01	50.40	2.95	1
	207.00	55.15	7.53	1
	254.51	33.96	54.91	1
	250.05	35.77	43.38	1
	216.00	65.21	15.06	1
	264.72	37.19	48.18	1
	201.28	38.39	76.47	1
	219.83	69.31	18.52	1
	201.60	51.43	4.17	1
	272.02	99.69	24.87	1
	167.83	76.27	39.39	1
	283.01	88.70	51.72	1
	273.58	89.06	59.14	1
	210.72	59.28	100.50	1
	202.10	38.10	74.94	1
	200.77	49.49	92.29	1
	200.48	34.99	73.81	1
	200.26	40.33	82.47	1
	273.29	26.52	346.65	1
	224.53	88.28	40.07	1
	259.22	41.49	50.01	1
	233.62	89.41	42.70	1
	196.48	33.80	77.28	1
	223.30	89.97	44.91	1
	213.19	100.49	47.85	1
	199.16	40.23	85.02	1
	222.47	43.33	79.33	1
	168.66	47.44	89.15	1
	274.27	96.38	30.09	1
	269.70	42.92	45.13	1
	211.13	45.89	0.69	1
	257.33	41.53	50.15	1
	281.72	91.62	40.88	1
	204.08	55.34	96.21	1
	245.03	89.35	41.23	1
	215.85	65.27	14.98	1
	218.86	68.33	17.64	1
	286.50	113.00	16.82	1
	193.34	51.98	91.98	1
	236.92	88.92	40.43	1
	211.89	85.56	38.03	1
	160.75	46.90	84.71	1
	198.88	42.54	86.56	1
	303.67	115.90	27.24	1
	220.41	69.84	19.01	1
	264.93	37.26	47.97	1
	198.80	40.12	85.31	1
	192.29	23.59	348.57	1
	148.19	42.85	90.68	1
	196.37	48.28	92.11	1
	216.62	101.06	53.70	1
	202.57	37.32	73.00	1
	213.76	110.71	49.56	1
	273.94	84.96	72.35	1
	108.57	31.54	108.54	1
	266.14	74.61	82.54	1
	253.04	38.30	50.61	1
	309.79	77.10	64.74	1
	181.74	60.29	90.91	1
	208.20	117.64	63.34	1
	245.21	38.58	56.85	1
	208.35	56.91	98.64	1
	205.06	68.52	104.72	1
	212.39	65.38	13.80	1
	311.94	76.75	244.00	1
	313.60	113.96	214.80	1
	317.73	120.15	203.71	1
	287.94	88.38	228.40	1
	319.06	123.47	286.07	1
	322.24	122.08	209.72	1
	321.82	123.48	205.97	1
	278.10	151.71	144.96	1
	319.07	113.46	209.30	1
	223.32	139.80	185.49	1
	98.86	146.17	41.52	1
	297.83	76.64	248.14	1
	301.68	137.44	178.23	1
	311.78	76.88	243.88	1
	297.64	141.89	171.95	1
	312.29	111.18	211.43	1
	25.59	125.80	263.37	1
	308.21	79.57	240.66	1
	20.28	139.55	277.05	1
	25.62	137.77	275.56	1
	304.18	136.90	177.98	1
	356.32	133.67	270.15	1
	28.17	121.76	261.17	1
	357.65	143.61	270.28	1
	314.54	137.50	270.03	1
	318.95	119.55	201.70	1
	269.67	113.67	180.40	1
	309.04	77.01	245.11	1
	288.86	92.77	220.63	1
	292.84	87.95	229.77	1
	345.51	96.82	234.93	1
	317.31	121.57	199.26	1
	316.82	111.55	210.25	1
	311.53	77.23	243.38	1
	22.31	139.17	278.49	1
	318.66	113.39	209.65	1
	278.29	152.83	234.34	1
	16.72	130.55	267.55	1
	295.25	144.84	166.60	1
	309.23	80.29	239.20	1
	336.40	136.26	269.72	1
	279.00	99.27	216.36	1
	318.19	115.87	303.52	1
	348.24	136.64	269.82	1
	25.50	126.50	263.59	1
	311.16	77.44	243.17	1
	359.33	106.22	265.89	1
	279.27	151.58	239.03	1
	294.17	116.34	203.68	1
	350.89	125.52	181.02	1
	4.99	120.60	268.91	1
	315.66	73.75	247.20	1
	293.67	88.59	228.56	1
	314.32	110.56	211.46	1
	276.43	152.23	233.22	1
	326.27	135.18	182.69	1
	310.05	79.45	240.33	1
	316.82	126.19	289.03	1
	323.02	139.41	181.75	1
	20.23	140.23	189.13	1
	18.17	138.99	274.28	1
	350.92	132.52	188.11	1
	326.20	136.47	187.24	1
	275.88	152.27	231.74	1
	30.98	155.84	301.27	1
	319.67	126.05	203.90	1
	258.88	152.22	216.66	1
	21.52	142.00	284.87	1
	323.20	121.54	211.38	1
	341.55	133.11	180.60	1
	276.64	100.31	213.57	1
	315.88	122.84	201.09	1
	295.05	87.77	229.58	1
	279.15	88.66	235.68	1
	337.64	122.26	296.54	1
	342.25	144.39	267.67	1
	353.42	132.13	270.45	1
	15.85	146.72	282.28	1
	315.95	140.30	267.37	1
	247.71	153.40	123.70	1
	287.17	94.41	220.61	1
	283.41	150.36	151.82	1
	305.29	112.58	217.66	1
	18.85	150.75	287.34	1
	302.34	104.72	222.46	1
	306.97	81.15	238.30	1
	245.02	154.60	126.49	1
	303.56	135.31	269.69	1
	15.78	129.24	267.56	1
	278.13	100.36	214.92	1
	269.98	152.63	225.10	1
	308.07	135.35	179.79	1
	276.41	152.13	234.53	1
	288.53	94.96	221.51	1
	34.29	115.27	255.98	1
	305.55	109.96	214.15	1
	341.81	135.80	189.76	1
	354.12	122.91	186.99	1
	272.32	100.95	201.73	1
	10.01	127.48	268.63	1
	293.34	97.13	221.31	1
	312.16	108.79	213.25	1
	25.36	124.66	263.21	1
	23.36	137.67	274.64	1
	306.38	110.16	208.40	1
	321.06	116.91	207.07	1
	313.80	110.48	211.53	1
	18.16	139.99	274.51	1
	73.35	141.23	220.61	1
	47.03	137.29	292.46	1
	12.89	132.49	268.73	1
	308.44	79.94	239.95	1
	18.56	144.12	284.07	1
	312.31	76.46	244.34	1
	272.25	90.37	249.34	1
	275.86	152.16	145.58	1
	277.99	88.70	235.95	1
	44.79	154.11	315.94	1
	269.54	88.21	250.05	1
	3.27	115.33	269.73	1
	318.02	71.32	249.67	1
	324.32	138.12	268.85	1
	336.51	133.10	274.85	1
	336.62	90.80	260.70	1
	0.76	108.79	180.73	1
	134.23	67.52	234.98	1
	123.11	97.22	213.45	1
	82.84	137.61	132.61	1
	105.41	88.76	227.26	1
	129.59	129.05	275.36	1
	135.38	111.80	197.50	1
	126.17	127.30	186.01	1
	95.57	136.57	232.64	1
	136.38	107.06	201.96	1
	95.54	138.29	232.95	1
	239.52	154.94	304.55	1
	92.94	82.21	243.67	1
	112.37	141.18	162.35	1
	133.80	69.99	238.26	1
	120.78	136.23	174.09	1
	123.44	106.83	199.56	1
	200.90	133.37	267.07	1
	135.09	115.35	285.10	1
	192.98	140.69	271.58	1
	203.32	139.00	272.33	1
	126.28	133.48	181.52	1
	171.35	134.54	270.04	1
	181.08	123.67	258.99	1
	187.60	143.31	270.89	1
	134.05	133.39	270.78	1
	131.26	114.55	194.63	1
	122.73	104.31	201.80	1
	123.20	67.12	244.94	1
	103.26	91.15	220.11	1
	115.24	82.40	228.31	1
	137.31	61.00	249.53	1
	135.47	113.98	196.10	1
	134.55	105.41	203.66	1
	132.92	73.80	239.18	1
	192.80	140.96	271.61	1
	137.58	108.30	200.74	1
	100.89	146.22	241.74	1
	195.93	132.10	262.33	1
	111.09	137.25	158.53	1
	129.20	127.94	276.11	1
	158.76	134.60	263.41	1
	94.98	91.14	212.77	1
	135.69	110.79	288.41	1
	165.72	136.11	268.53	1
	204.13	131.30	265.13	1
	133.38	71.16	237.59	1
	209.60	117.52	248.00	1
	108.17	143.13	247.02	1
	127.39	103.00	204.47	1
	142.03	129.05	182.23	1
	183.33	126.58	259.31	1
	130.48	128.35	276.11	1
	113.06	87.22	227.44	1
	132.24	103.50	205.70	1
	241.98	153.54	301.79	1
	143.87	133.78	180.44	1
	127.75	129.69	274.83	1
	125.41	129.14	274.67	1
	138.72	132.26	181.15	1
	193.90	142.54	182.08	1
	194.10	139.74	271.67	1
	156.72	132.15	180.62	1
	142.09	133.32	180.64	1
	189.04	148.07	272.09	1
	242.05	154.24	303.59	1
	129.51	119.12	191.39	1
	93.13	141.93	228.95	1
	191.00	145.99	272.35	1
	135.58	110.65	198.48	1
	156.13	132.52	180.55	1
	93.64	90.07	204.14	1
	218.49	74.73	204.23	1
	111.50	85.58	229.23	1
	99.67	80.71	233.02	1
	125.73	131.40	273.07	1
	211.77	144.45	277.60	1
	175.68	131.97	270.04	1
	243.00	151.67	296.88	1
	194.45	141.77	272.06	1
	216.36	160.37	295.37	1
	103.19	91.33	218.25	1
	95.55	136.78	232.00	1
	122.23	96.73	214.13	1
	180.79	159.23	268.84	1
	122.18	96.18	215.54	1
	127.23	73.72	230.36	1
	168.60	141.07	267.97	1
	123.46	132.05	272.48	1
	197.29	131.77	263.20	1
	131.43	103.14	205.73	1
	89.21	137.16	224.68	1
	126.79	134.75	180.15	1
	173.75	148.28	269.65	1
	108.05	91.96	219.62	1
	181.32	124.54	258.46	1
	115.60	93.98	217.39	1
	126.84	131.63	182.66	1
	136.54	111.20	198.15	1
	131.24	103.51	204.95	1
	186.51	128.85	259.89	1
	119.49	95.68	214.79	1
	130.84	102.36	207.05	1
	198.01	130.68	262.49	1
	202.70	139.45	273.36	1
	128.78	103.62	204.07	1
	136.52	110.60	198.63	1
	85.01	146.47	221.52	1
	195.62	141.22	272.21	1
	244.86	152.39	209.55	1
	216.91	143.58	279.09	1
	173.54	133.26	262.71	1
	127.72	123.14	278.87	1
	182.45	150.77	271.46	1
	134.38	69.91	238.44	1
	94.90	82.59	238.54	1
	250.27	151.47	300.51	1
	96.83	79.80	236.05	1
	242.72	153.38	301.68	1
	94.53	80.69	239.37	1
	182.42	126.61	256.95	1
	176.10	115.12	263.35	1
	147.27	135.65	264.44	1
	147.03	131.46	271.12	1
	179.51	112.80	262.32	1
	175.92	108.05	162.00	1
