This file is created for TexTools software, Resmat Corp 
ODF file name: solodf.HODF 

B	500	0 
	30.34	91.48	47.95	1
	64.36	89.83	44.97	1
	40.22	44.74	359.86	1
	100.65	88.35	45.69	1
	26.67	57.49	123.93	1
	27.47	58.04	19.80	1
	37.15	44.86	359.90	1
	118.62	43.00	2.30	1
	23.92	61.79	50.06	1
	101.75	30.80	24.75	1
	49.46	31.52	73.10	1
	114.89	79.68	47.81	1
	50.52	32.44	343.11	1
	30.32	92.20	49.29	1
	49.02	33.96	345.63	1
	48.82	87.97	44.66	1
	339.95	48.47	104.40	1
	31.50	91.43	47.91	1
	358.57	41.24	87.55	1
	353.79	43.74	90.03	1
	18.81	49.53	24.93	1
	8.08	45.54	92.09	1
	359.46	54.25	88.91	1
	48.02	33.02	74.62	1
	21.85	48.41	105.92	1
	30.85	63.50	27.75	1
	86.24	91.57	15.43	1
	102.06	72.32	58.63	1
	96.69	90.37	41.94	1
	81.34	79.89	47.55	1
	30.42	91.38	46.77	1
	32.75	64.46	25.21	1
	27.73	72.39	43.66	1
	27.34	91.39	46.82	1
	20.44	41.96	88.99	1
	18.69	50.90	33.37	1
	84.12	27.45	49.27	1
	346.87	47.90	102.50	1
	58.53	30.65	338.02	1
	31.66	90.80	46.60	1
	28.02	43.94	89.54	1
	93.08	91.78	31.85	1
	119.28	86.18	50.27	1
	17.39	44.01	89.72	1
	349.76	46.95	88.45	1
	31.55	91.24	47.53	1
	356.36	85.16	80.93	1
	73.86	28.15	56.90	1
	94.86	91.93	31.37	1
	25.22	55.48	14.79	1
	359.63	52.63	88.67	1
	30.87	91.42	47.86	1
	80.70	90.59	47.15	1
	32.21	77.37	50.29	1
	72.74	28.26	57.71	1
	28.39	44.90	1.57	1
	30.73	91.36	47.68	1
	29.61	62.06	110.97	1
	27.18	51.17	7.92	1
	32.26	37.62	353.01	1
	13.00	42.69	89.51	1
	18.15	47.24	5.16	1
	20.12	47.45	15.94	1
	76.04	27.95	55.31	1
	334.17	9.88	117.03	1
	32.95	63.82	20.65	1
	106.38	33.16	14.68	1
	4.12	37.95	88.09	1
	22.27	65.14	46.83	1
	21.56	46.51	1.75	1
	91.25	87.51	26.16	1
	33.90	65.75	21.26	1
	79.91	79.72	47.78	1
	93.34	89.48	51.71	1
	17.48	50.13	115.27	1
	34.38	36.79	81.97	1
	12.50	46.30	94.89	1
	8.37	36.05	88.09	1
	34.29	37.17	82.16	1
	136.76	14.71	302.62	1
	83.99	89.78	40.62	1
	52.72	41.98	359.26	1
	67.38	84.38	45.75	1
	3.92	35.54	90.95	1
	51.12	90.23	46.14	1
	31.37	91.41	47.85	1
	53.79	30.68	70.42	1
	39.46	39.55	84.01	1
	341.29	48.82	103.29	1
	89.68	82.95	37.76	1
	89.09	27.37	45.68	1
	23.43	47.50	13.40	1
	69.44	28.66	60.10	1
	85.46	89.93	42.45	1
	356.81	55.93	90.25	1
	72.40	91.22	43.82	1
	21.18	48.78	17.93	1
	31.12	65.27	26.79	1
	92.18	98.07	12.95	1
	17.58	48.28	103.79	1
	77.83	78.12	44.10	1
	31.60	89.88	44.74	1
	324.55	47.81	89.03	1
	356.66	43.67	90.03	1
	91.20	87.17	22.29	1
	38.29	68.15	23.38	1
	48.34	87.44	46.15	1
	17.11	41.82	89.10	1
	22.54	18.54	342.53	1
	352.53	41.50	90.21	1
	11.60	45.80	92.28	1
	31.03	91.52	48.06	1
	32.96	37.20	82.62	1
	30.41	92.19	49.28	1
	86.03	89.28	60.95	1
	90.79	27.37	314.30	1
	108.79	80.22	48.94	1
	55.44	30.72	69.58	1
	109.22	76.82	50.38	1
	353.27	53.39	96.97	1
	35.02	107.22	67.95	1
	40.88	35.33	78.90	1
	22.79	47.95	102.64	1
	359.67	66.82	88.43	1
	8.08	51.73	19.41	1
	211.29	95.57	45.48	1
	235.23	89.11	41.39	1
	267.12	49.84	38.53	1
	276.14	97.36	46.34	1
	213.14	61.96	102.54	1
	218.47	67.88	17.27	1
	273.41	53.80	313.16	1
	259.19	46.20	48.53	1
	211.27	84.58	37.60	1
	276.41	40.71	27.21	1
	231.11	28.70	36.48	1
	268.82	93.49	62.94	1
	251.58	38.08	321.79	1
	207.11	107.29	41.10	1
	243.06	38.37	330.39	1
	300.88	50.11	356.49	1
	169.68	45.64	90.20	1
	217.80	66.93	106.53	1
	174.13	40.76	92.02	1
	170.71	43.05	91.91	1
	211.46	59.93	11.08	1
	198.99	46.21	83.67	1
	191.14	51.44	91.14	1
	213.56	39.94	84.14	1
	208.62	56.62	98.71	1
	219.04	68.47	17.78	1
	272.86	102.97	7.83	1
	266.04	90.38	64.12	1
	266.27	88.57	41.70	1
	265.90	88.72	46.25	1
	207.81	121.59	53.01	1
	218.04	67.41	16.88	1
	210.46	88.13	41.32	1
	209.86	102.64	39.06	1
	183.15	40.64	80.37	1
	216.06	46.97	1.90	1
	238.41	36.89	62.46	1
	187.36	47.36	76.66	1
	242.04	33.54	334.95	1
	212.14	102.51	39.24	1
	205.06	45.00	89.23	1
	268.52	94.36	34.52	1
	219.39	68.61	107.96	1
	195.98	44.02	90.17	1
	168.18	44.46	90.17	1
	211.90	100.69	52.06	1
	176.03	71.45	93.83	1
	254.95	36.79	53.21	1
	268.18	92.30	31.86	1
	212.46	61.23	11.96	1
	186.15	51.15	90.48	1
	212.69	61.44	102.15	1
	260.55	90.01	45.90	1
	209.94	87.61	40.38	1
	242.36	34.80	62.21	1
	209.86	45.79	0.45	1
	212.03	60.62	101.57	1
	213.25	62.08	102.63	1
	208.85	56.94	8.91	1
	213.33	43.61	346.02	1
	186.92	42.07	90.94	1
	202.78	46.55	0.55	1
	207.96	55.91	8.19	1
	241.18	45.58	58.09	1
	221.54	35.60	53.29	1
	216.40	65.64	15.41	1
	266.95	31.20	42.15	1
	183.87	37.50	80.91	1
	219.87	69.31	18.52	1
	204.45	46.36	0.52	1
	242.32	88.45	37.62	1
	168.21	92.81	30.59	1
	268.81	88.45	48.29	1
	293.36	86.62	52.34	1
	211.37	59.87	101.01	1
	209.82	42.07	79.49	1
	199.93	46.45	90.46	1
	210.36	40.44	77.56	1
	208.60	42.01	83.72	1
	213.81	39.97	68.47	1
	261.96	88.40	41.24	1
	259.51	48.71	46.93	1
	230.10	89.53	43.36	1
	208.56	40.30	79.61	1
	250.72	96.46	44.44	1
	210.47	89.87	44.50	1
	215.84	43.21	78.54	1
	219.63	44.82	83.05	1
	178.35	46.69	89.95	1
	232.67	88.59	39.79	1
	269.77	52.57	45.02	1
	209.05	53.49	6.84	1
	256.59	52.33	47.56	1
	263.54	98.45	41.57	1
	183.99	53.42	86.57	1
	245.20	89.56	42.35	1
	213.29	62.14	12.68	1
	218.90	68.31	17.65	1
	236.67	88.07	37.20	1
	206.29	54.78	97.10	1
	236.78	89.47	42.71	1
	204.85	89.23	43.76	1
	161.16	46.95	89.81	1
	171.75	43.22	92.47	1
	248.86	87.93	30.88	1
	220.48	69.92	19.08	1
	268.86	35.87	40.32	1
	167.62	40.34	92.51	1
	217.26	41.72	334.59	1
	153.04	43.32	90.44	1
	194.08	45.85	90.19	1
	215.06	63.04	103.55	1
	208.23	40.51	81.29	1
	205.53	112.02	41.52	1
	266.13	91.42	61.68	1
	119.21	42.11	92.16	1
	267.94	94.11	58.10	1
	215.87	37.96	66.06	1
	274.52	89.05	60.62	1
	182.56	53.26	80.66	1
	198.56	124.40	49.77	1
	220.10	44.56	75.10	1
	209.17	57.42	99.20	1
	200.42	53.46	94.35	1
	200.53	54.35	4.54	1
	312.47	76.33	244.46	1
	300.35	96.81	220.73	1
	299.21	137.73	187.46	1
	277.27	88.60	226.14	1
	310.59	136.42	268.25	1
	328.15	136.39	188.66	1
	295.06	134.98	178.84	1
	229.76	142.70	189.78	1
	324.30	123.49	221.79	1
	221.60	139.63	185.21	1
	306.24	167.23	224.25	1
	270.43	90.66	237.78	1
	305.84	136.74	178.89	1
	312.25	76.51	244.26	1
	294.85	137.12	177.57	1
	300.09	98.64	222.80	1
	25.66	128.14	264.41	1
	308.92	79.10	241.19	1
	4.40	139.64	279.87	1
	14.09	136.04	269.73	1
	300.41	136.16	179.21	1
	356.90	134.12	268.03	1
	3.74	115.67	269.69	1
	357.17	140.00	282.15	1
	334.62	135.02	270.02	1
	301.99	130.19	183.88	1
	282.20	103.75	206.23	1
	268.90	92.05	253.76	1
	265.81	98.38	222.05	1
	291.38	89.66	226.42	1
	330.37	84.61	238.50	1
	311.39	132.80	200.79	1
	313.83	111.70	205.54	1
	311.97	76.80	243.90	1
	353.99	139.33	267.98	1
	309.15	122.11	197.55	1
	258.99	151.95	215.89	1
	13.21	132.55	278.84	1
	297.86	137.71	176.81	1
	309.35	79.55	240.35	1
	359.57	136.45	281.39	1
	288.53	99.67	221.02	1
	235.00	103.50	225.74	1
	3.40	136.03	285.05	1
	29.27	134.14	269.56	1
	312.02	76.76	243.95	1
	8.45	114.20	265.47	1
	290.36	144.12	260.63	1
	287.02	101.31	217.75	1
	352.05	127.88	180.77	1
	358.87	123.43	269.29	1
	316.74	72.62	248.36	1
	293.45	89.79	225.79	1
	321.33	123.51	222.33	1
	282.39	149.16	248.90	1
	342.10	135.84	187.94	1
	312.38	76.50	244.23	1
	306.48	135.66	273.90	1
	334.16	135.24	179.25	1
	12.36	139.42	187.99	1
	18.75	136.28	285.42	1
	357.76	133.19	177.70	1
	333.29	135.22	179.84	1
	285.57	147.02	254.95	1
	48.60	148.46	318.98	1
	302.36	133.19	181.21	1
	266.64	152.60	222.50	1
	6.11	142.79	279.99	1
	302.60	130.83	186.04	1
	347.88	133.73	179.69	1
	268.94	90.73	213.02	1
	295.36	135.62	179.41	1
	295.73	89.68	226.12	1
	272.02	94.41	232.67	1
	330.74	74.91	250.76	1
	359.19	143.17	276.46	1
	357.93	133.29	270.05	1
	28.57	140.24	284.13	1
	4.31	140.08	279.59	1
	240.43	150.05	113.64	1
	295.77	92.45	220.93	1
	299.97	136.12	179.41	1
	299.74	98.46	223.23	1
	14.79	145.20	289.06	1
	302.01	89.97	225.09	1
	307.68	80.45	239.28	1
	332.71	152.50	263.00	1
	297.87	136.64	271.16	1
	24.88	133.25	269.33	1
	295.53	100.12	221.42	1
	272.26	152.25	231.88	1
	315.50	135.69	179.68	1
	299.95	138.22	267.60	1
	276.18	101.55	222.70	1
	358.75	123.01	269.41	1
	298.19	95.18	221.42	1
	321.34	135.66	185.53	1
	317.22	138.95	199.32	1
	281.83	101.30	206.74	1
	7.33	129.80	274.24	1
	296.67	94.94	221.52	1
	310.95	109.58	209.34	1
	31.20	120.22	259.11	1
	19.02	135.05	281.39	1
	288.00	101.60	215.70	1
	303.71	126.42	188.87	1
	310.82	112.68	211.70	1
	2.43	139.48	279.67	1
	40.81	136.98	207.74	1
	29.23	136.55	277.62	1
	5.78	133.67	268.06	1
	309.41	79.18	240.92	1
	356.99	144.44	269.36	1
	313.02	75.88	244.96	1
	274.35	89.34	236.26	1
	282.87	148.84	159.68	1
	280.38	89.16	231.91	1
	314.81	145.61	263.97	1
	275.97	88.68	240.13	1
	7.68	127.05	268.92	1
	311.77	65.39	254.81	1
	321.70	136.74	269.31	1
	347.64	133.10	283.10	1
	0.85	94.14	269.13	1
	358.94	119.36	177.61	1
	136.72	58.80	229.12	1
	125.18	98.39	212.01	1
	83.29	128.61	134.51	1
	96.71	90.20	225.81	1
	121.37	131.39	273.56	1
	124.52	119.94	191.14	1
	116.36	135.53	180.67	1
	91.57	140.17	224.62	1
	136.52	107.19	201.82	1
	85.83	134.00	223.99	1
	321.63	151.56	78.35	1
	103.85	77.41	234.77	1
	126.14	132.95	183.64	1
	137.91	61.46	232.23	1
	118.67	138.17	177.62	1
	53.08	116.46	168.54	1
	202.27	133.65	266.64	1
	121.19	130.50	273.07	1
	185.67	138.75	272.07	1
	197.79	136.17	270.34	1
	121.57	134.44	180.37	1
	168.46	133.61	260.13	1
	190.04	128.31	258.46	1
	181.42	141.01	271.87	1
	129.87	133.85	270.64	1
	131.07	117.76	193.98	1
	109.36	92.72	216.13	1
	97.48	70.29	242.70	1
	96.09	90.18	222.41	1
	106.92	83.81	225.49	1
	151.37	56.93	228.33	1
	122.17	127.91	184.80	1
	134.81	105.66	203.39	1
	135.94	59.62	229.79	1
	178.43	139.32	272.32	1
	121.69	131.47	182.38	1
	132.68	135.03	254.17	1
	168.73	132.26	256.25	1
	117.37	135.92	173.97	1
	131.16	70.48	238.76	1
	171.21	135.58	269.99	1
	94.66	88.02	216.24	1
	122.33	124.70	277.29	1
	178.29	135.73	271.42	1
	205.60	131.36	265.54	1
	136.93	59.19	229.55	1
	189.44	125.41	256.93	1
	113.88	134.19	270.79	1
	93.38	93.54	203.84	1
	149.07	130.62	181.28	1
	165.14	127.34	265.04	1
	120.43	131.73	272.30	1
	112.84	86.08	225.51	1
	133.08	104.18	204.97	1
	138.44	135.23	271.47	1
	148.10	134.10	180.28	1
	115.35	133.12	271.62	1
	114.79	133.09	271.68	1
	136.65	133.25	180.79	1
	189.84	139.38	180.76	1
	169.52	137.23	256.84	1
	166.82	133.03	180.06	1
	138.96	133.90	180.46	1
	130.62	133.40	264.69	1
	184.33	153.41	270.05	1
	114.90	133.40	181.40	1
	92.42	125.26	233.48	1
	178.11	143.03	264.99	1
	128.58	116.23	194.14	1
	168.88	132.26	181.91	1
	102.75	92.12	211.33	1
	206.84	88.29	222.78	1
	106.05	82.15	226.64	1
	79.74	86.52	232.76	1
	121.07	132.31	272.69	1
	192.29	143.14	271.88	1
	165.87	131.92	257.42	1
	189.30	148.05	273.72	1
	184.12	139.60	272.15	1
	180.45	151.07	268.95	1
	118.71	94.99	216.61	1
	104.86	141.63	246.12	1
	123.21	97.17	213.77	1
	189.08	148.77	273.52	1
	123.69	97.37	213.65	1
	128.46	72.42	236.21	1
	150.12	137.22	270.11	1
	114.91	134.05	270.83	1
	186.20	133.82	259.92	1
	127.84	100.20	209.56	1
	92.89	124.75	239.34	1
	144.86	134.32	180.20	1
	175.85	145.24	269.21	1
	97.40	90.18	222.82	1
	174.97	124.64	265.08	1
	121.24	96.14	215.12	1
	139.47	131.99	181.23	1
	126.45	124.63	188.98	1
	126.09	99.23	210.35	1
	179.84	129.15	271.70	1
	122.47	96.79	214.19	1
	131.41	102.81	206.52	1
	201.00	132.32	259.41	1
	193.65	136.28	270.28	1
	90.73	94.23	199.58	1
	121.90	126.24	185.98	1
	82.69	133.57	223.91	1
	169.48	138.54	257.57	1
	183.61	163.79	181.70	1
	218.71	143.90	279.89	1
	165.46	132.72	256.06	1
	122.53	131.78	272.14	1
	174.65	143.71	269.32	1
	139.45	54.71	224.85	1
	108.96	84.10	230.43	1
	252.04	151.65	301.78	1
	89.16	90.31	234.91	1
	200.59	164.06	291.29	1
	105.38	77.56	234.10	1
	172.71	127.19	262.37	1
	178.65	117.20	268.16	1
	153.61	134.18	259.38	1
	142.81	132.68	270.85	1
	171.69	116.60	268.61	1
	139.62	125.83	183.71	1
