This file is created for TexTools software, Resmat Corp 
ODF file name: solodf.HODF 

B	500	0 
	28.45	92.63	49.93	1
	68.92	92.36	44.00	1
	43.70	44.56	359.75	1
	98.07	90.52	46.25	1
	27.98	60.34	118.06	1
	12.42	52.03	33.60	1
	38.27	44.81	359.89	1
	112.86	43.52	1.39	1
	28.47	64.88	42.94	1
	101.66	30.62	22.75	1
	44.57	29.78	74.62	1
	110.01	75.79	50.46	1
	46.16	33.59	345.78	1
	31.19	95.06	51.90	1
	45.95	35.60	348.41	1
	57.17	80.89	43.19	1
	340.54	48.59	103.47	1
	30.55	93.48	49.69	1
	358.65	38.90	87.47	1
	354.09	43.03	90.06	1
	20.88	48.71	19.72	1
	7.60	46.02	89.36	1
	359.65	59.16	89.16	1
	43.48	33.98	77.16	1
	22.21	48.20	102.51	1
	30.25	65.82	25.78	1
	91.65	91.10	12.02	1
	99.40	77.78	68.25	1
	94.60	91.30	40.24	1
	81.50	80.78	48.29	1
	24.03	90.84	46.31	1
	35.05	65.05	20.67	1
	31.54	77.34	35.95	1
	32.80	90.96	47.01	1
	16.88	40.12	88.62	1
	21.72	48.45	27.45	1
	83.75	27.41	48.86	1
	348.65	48.66	100.91	1
	54.95	31.64	340.71	1
	27.17	91.28	46.67	1
	25.28	43.25	89.30	1
	91.88	89.80	26.47	1
	115.96	84.13	50.40	1
	13.91	43.41	89.64	1
	350.13	47.21	87.75	1
	29.50	92.20	49.24	1
	357.47	86.93	80.81	1
	71.69	28.36	58.45	1
	93.82	90.27	25.52	1
	24.87	53.90	10.32	1
	359.63	56.73	89.35	1
	29.07	92.52	49.79	1
	80.62	91.24	47.32	1
	32.08	85.94	43.61	1
	70.44	28.49	59.34	1
	27.06	45.35	0.02	1
	26.84	92.13	47.78	1
	32.98	60.37	106.35	1
	23.25	49.60	9.90	1
	27.20	38.02	354.71	1
	9.98	41.35	89.39	1
	17.17	47.40	1.28	1
	21.70	47.36	10.15	1
	74.15	28.08	56.64	1
	33.45	10.67	55.60	1
	18.82	55.03	41.29	1
	103.24	30.87	24.50	1
	1.06	34.03	89.26	1
	29.33	71.56	33.43	1
	13.26	46.17	8.28	1
	90.02	88.74	21.43	1
	21.43	55.33	42.23	1
	79.90	80.32	48.33	1
	91.09	88.57	55.40	1
	18.26	52.60	110.30	1
	29.27	37.05	83.76	1
	11.99	46.92	90.79	1
	6.97	31.72	86.72	1
	29.25	37.89	84.06	1
	122.47	11.21	319.62	1
	85.50	89.64	38.17	1
	60.86	38.10	5.60	1
	69.98	82.76	45.10	1
	4.72	30.54	86.78	1
	58.56	88.32	46.85	1
	30.35	93.56	49.58	1
	49.44	29.15	71.73	1
	37.67	40.88	85.60	1
	342.74	49.56	101.61	1
	89.54	85.68	33.82	1
	88.96	27.37	45.78	1
	24.45	46.74	9.40	1
	66.76	29.01	62.00	1
	86.41	89.83	41.02	1
	352.45	61.20	98.15	1
	73.09	90.20	41.88	1
	21.63	48.77	14.53	1
	22.08	54.96	43.71	1
	88.96	95.72	4.84	1
	12.94	49.81	105.36	1
	78.32	88.83	42.29	1
	25.80	90.35	44.41	1
	331.61	49.38	88.83	1
	357.12	42.92	90.07	1
	90.94	93.41	19.05	1
	29.32	56.15	42.05	1
	56.55	87.94	44.73	1
	13.65	39.93	88.83	1
	19.09	15.30	339.21	1
	353.49	39.54	90.57	1
	10.56	46.18	89.41	1
	29.60	92.71	50.12	1
	27.86	37.38	84.31	1
	31.32	95.04	51.89	1
	84.11	88.94	65.88	1
	90.79	27.34	314.51	1
	104.12	80.16	52.58	1
	51.29	30.26	71.47	1
	103.30	76.48	56.27	1
	358.58	57.48	91.10	1
	36.13	107.88	68.69	1
	36.03	36.63	81.33	1
	19.17	47.73	104.40	1
	358.95	71.49	89.20	1
	3.21	58.16	19.44	1
	209.64	92.85	47.02	1
	241.94	88.87	39.37	1
	267.20	45.30	38.32	1
	274.52	97.69	46.74	1
	211.98	60.72	101.56	1
	218.01	67.46	16.88	1
	275.79	48.47	313.75	1
	256.61	41.21	50.55	1
	208.64	85.23	36.40	1
	277.51	35.45	26.83	1
	231.54	18.22	39.16	1
	267.59	90.15	67.71	1
	239.12	36.03	333.32	1
	209.80	103.21	47.36	1
	233.99	38.58	339.57	1
	302.43	53.48	354.30	1
	181.10	46.74	73.51	1
	217.65	66.06	105.96	1
	175.70	38.49	91.91	1
	170.24	42.63	92.62	1
	210.13	58.34	9.95	1
	196.78	46.41	82.20	1
	187.87	55.10	91.03	1
	210.62	39.76	83.92	1
	206.84	54.83	97.37	1
	218.69	68.11	17.46	1
	269.35	103.83	6.39	1
	269.14	88.82	68.86	1
	267.52	88.72	39.96	1
	266.17	88.23	47.17	1
	210.52	117.63	60.05	1
	217.54	66.89	16.44	1
	209.72	86.74	38.87	1
	209.83	94.36	46.15	1
	184.34	38.19	80.56	1
	217.72	46.46	1.33	1
	232.82	37.48	63.51	1
	186.63	48.36	77.48	1
	246.19	39.03	324.90	1
	211.48	93.74	45.69	1
	205.31	44.93	84.03	1
	269.05	94.11	29.05	1
	219.57	67.89	107.52	1
	200.09	44.71	79.38	1
	179.28	45.57	73.13	1
	216.12	99.85	54.05	1
	182.96	76.51	89.80	1
	254.23	39.05	48.69	1
	270.24	87.73	26.55	1
	211.16	60.01	10.91	1
	184.66	54.60	89.57	1
	211.48	60.13	101.13	1
	260.36	90.02	46.39	1
	211.16	84.56	37.58	1
	244.52	38.06	52.65	1
	207.61	46.17	0.50	1
	210.77	59.14	100.50	1
	212.12	60.83	101.67	1
	207.07	55.24	7.58	1
	211.27	42.33	343.49	1
	187.48	40.31	87.20	1
	199.05	47.52	0.76	1
	206.05	54.15	6.82	1
	235.04	38.75	64.50	1
	222.24	24.62	52.27	1
	215.69	64.86	14.79	1
	265.50	50.59	43.56	1
	178.26	33.06	89.13	1
	219.62	69.07	18.31	1
	200.89	47.22	0.73	1
	247.14	88.69	33.53	1
	171.45	79.86	34.03	1
	268.67	88.77	50.20	1
	289.10	87.40	53.40	1
	209.98	58.37	99.87	1
	212.52	40.93	69.69	1
	196.15	47.34	90.60	1
	211.84	36.95	69.30	1
	206.79	41.97	80.99	1
	221.49	35.45	53.24	1
	263.20	88.78	39.45	1
	256.85	40.37	46.99	1
	237.86	89.43	42.44	1
	210.93	37.82	70.09	1
	251.36	99.69	45.21	1
	204.14	89.44	44.63	1
	214.27	43.21	76.10	1
	218.79	45.74	83.58	1
	178.83	47.64	89.95	1
	240.12	88.21	36.85	1
	269.71	46.23	45.12	1
	208.05	51.50	5.46	1
	251.70	38.27	53.13	1
	264.55	96.35	40.07	1
	180.35	57.84	89.09	1
	249.80	89.42	40.86	1
	212.15	60.94	11.71	1
	218.51	67.94	17.31	1
	243.87	86.95	32.77	1
	203.84	53.72	95.75	1
	243.06	89.34	41.43	1
	212.05	89.02	42.97	1
	172.97	49.21	75.02	1
	172.02	42.65	92.49	1
	253.16	85.32	23.53	1
	220.33	69.77	18.94	1
	266.89	53.64	42.65	1
	169.62	38.10	91.66	1
	220.59	35.78	325.19	1
	157.84	42.38	90.56	1
	190.82	46.35	90.24	1
	215.49	61.57	102.11	1
	211.03	39.35	71.16	1
	212.00	110.39	45.08	1
	268.66	87.83	66.43	1
	116.01	40.20	93.98	1
	267.16	90.17	63.54	1
	214.46	29.63	65.07	1
	273.53	86.08	67.16	1
	180.33	57.48	84.03	1
	199.60	123.65	54.20	1
	214.13	43.34	79.49	1
	207.38	55.89	97.90	1
	196.55	55.66	93.20	1
	196.44	57.40	3.26	1
	311.62	77.03	243.67	1
	297.95	93.11	220.81	1
	300.72	134.88	180.56	1
	275.24	88.53	226.59	1
	331.62	135.39	284.06	1
	347.00	127.76	205.09	1
	316.58	139.71	199.38	1
	231.48	141.21	186.26	1
	321.09	120.72	216.74	1
	221.67	138.34	183.62	1
	294.01	170.09	210.48	1
	270.81	92.75	244.52	1
	317.09	137.72	178.75	1
	311.35	77.23	243.45	1
	300.94	137.35	178.31	1
	297.46	98.32	222.95	1
	23.93	129.74	266.28	1
	307.49	80.09	239.98	1
	5.09	142.33	279.31	1
	19.21	135.49	281.66	1
	296.87	137.43	181.82	1
	356.65	133.48	267.60	1
	357.99	108.89	265.57	1
	353.47	142.80	275.15	1
	336.84	134.07	266.71	1
	316.58	135.46	205.56	1
	276.34	108.48	194.81	1
	267.60	93.18	256.79	1
	266.64	96.74	220.67	1
	287.70	89.54	227.30	1
	341.58	87.00	241.34	1
	320.12	131.51	209.75	1
	313.11	115.82	208.87	1
	311.15	77.57	242.97	1
	355.60	141.65	268.09	1
	320.26	131.01	218.13	1
	256.13	150.87	209.85	1
	11.35	131.72	278.99	1
	292.31	137.02	178.08	1
	308.90	80.68	238.64	1
	2.44	136.26	285.72	1
	283.85	99.91	217.34	1
	243.10	103.12	232.64	1
	3.08	136.53	284.38	1
	26.78	133.65	269.44	1
	311.22	77.52	243.02	1
	2.86	107.79	262.73	1
	288.41	144.99	259.29	1
	280.84	104.86	210.92	1
	354.30	123.93	181.13	1
	359.56	117.40	269.68	1
	316.60	72.87	248.09	1
	289.92	89.71	226.28	1
	318.38	119.62	217.70	1
	280.32	151.27	241.25	1
	346.31	135.28	188.58	1
	311.68	77.25	243.31	1
	300.60	134.73	269.47	1
	336.94	134.58	176.74	1
	5.68	142.61	181.11	1
	10.40	139.16	276.44	1
	357.83	132.12	178.07	1
	343.90	134.97	188.01	1
	282.95	150.32	245.75	1
	46.63	159.45	314.78	1
	314.48	137.32	199.92	1
	266.16	152.58	222.14	1
	0.73	147.53	271.11	1
	310.92	129.51	190.52	1
	359.06	131.70	196.03	1
	268.45	87.33	207.76	1
	316.05	137.98	189.85	1
	292.45	89.54	226.84	1
	270.69	93.22	236.87	1
	339.84	85.05	252.81	1
	359.84	147.03	275.85	1
	358.51	132.33	270.06	1
	31.55	144.33	294.41	1
	5.33	142.96	279.50	1
	236.80	149.90	111.55	1
	292.13	93.58	220.66	1
	293.31	136.07	179.01	1
	297.08	96.36	223.26	1
	6.45	151.57	277.12	1
	300.46	90.29	225.19	1
	306.52	81.60	237.64	1
	325.12	160.53	249.86	1
	301.93	136.26	269.11	1
	21.31	132.14	269.05	1
	291.62	96.74	219.20	1
	275.62	151.16	239.83	1
	324.32	136.08	179.69	1
	297.51	140.33	265.64	1
	274.79	91.64	220.75	1
	359.25	116.78	269.37	1
	295.11	94.89	221.86	1
	326.18	134.40	180.57	1
	302.54	133.77	182.55	1
	274.96	107.85	198.75	1
	4.39	127.10	272.60	1
	293.51	91.71	221.48	1
	312.23	105.27	210.02	1
	29.70	121.55	260.27	1
	12.34	136.61	275.70	1
	282.89	99.37	206.98	1
	316.41	133.62	210.52	1
	311.35	107.37	211.45	1
	3.35	142.00	278.93	1
	42.44	143.70	215.30	1
	27.17	136.97	280.01	1
	3.75	133.12	268.00	1
	308.64	80.25	239.41	1
	357.87	148.78	271.19	1
	312.27	76.53	244.23	1
	271.94	89.72	241.32	1
	280.19	150.24	151.42	1
	277.32	89.18	235.79	1
	319.24	151.48	258.51	1
	275.02	89.40	245.40	1
	4.47	122.67	268.02	1
	315.89	67.39	253.28	1
	328.84	137.72	269.15	1
	344.19	131.28	272.75	1
	358.84	91.07	263.36	1
	358.44	114.75	176.59	1
	130.30	63.84	236.73	1
	123.02	97.21	213.36	1
	81.88	133.91	133.03	1
	94.65	79.97	226.17	1
	125.85	131.01	272.47	1
	130.51	115.73	194.23	1
	111.31	128.31	163.92	1
	90.68	145.50	223.21	1
	136.25	106.95	202.06	1
	84.54	141.73	222.37	1
	320.94	160.59	69.44	1
	98.80	73.38	242.78	1
	136.83	134.30	181.60	1
	134.92	65.41	236.43	1
	106.91	131.36	161.13	1
	70.50	114.92	173.44	1
	195.06	134.22	261.46	1
	122.12	127.51	275.07	1
	184.33	140.77	272.24	1
	194.30	136.88	270.44	1
	126.97	134.10	180.55	1
	164.91	132.86	255.00	1
	181.88	122.00	253.13	1
	180.72	144.31	271.13	1
	140.45	133.21	270.71	1
	129.19	118.58	193.40	1
	104.26	92.14	211.99	1
	95.59	77.51	252.48	1
	94.30	90.03	220.94	1
	103.45	88.34	226.75	1
	154.39	58.79	231.62	1
	121.13	127.01	185.53	1
	134.31	105.21	203.87	1
	129.98	64.49	236.69	1
	178.79	141.92	272.62	1
	121.51	129.09	184.03	1
	137.46	140.51	251.39	1
	169.17	131.33	256.17	1
	118.43	137.85	177.87	1
	133.25	60.15	226.97	1
	170.94	135.90	270.00	1
	91.77	92.52	211.63	1
	121.65	123.88	277.79	1
	178.98	136.34	272.16	1
	203.76	132.53	267.05	1
	131.01	64.03	236.67	1
	177.58	115.27	244.79	1
	118.65	133.25	268.23	1
	88.89	89.21	198.93	1
	155.36	128.16	181.55	1
	169.86	123.70	268.51	1
	116.66	131.38	272.97	1
	109.27	87.94	226.60	1
	132.31	103.54	205.66	1
	133.40	135.46	252.26	1
	154.12	133.60	180.34	1
	123.39	131.94	272.00	1
	122.93	131.88	272.06	1
	145.47	132.27	180.91	1
	187.89	141.85	181.81	1
	170.28	139.11	257.93	1
	166.66	131.98	180.13	1
	147.11	133.28	180.55	1
	138.58	134.22	263.05	1
	197.72	159.76	284.98	1
	122.71	132.39	181.72	1
	94.01	132.08	233.99	1
	178.75	147.46	268.46	1
	133.11	113.90	196.57	1
	169.15	131.56	182.59	1
	98.09	95.28	204.08	1
	212.36	88.82	222.55	1
	102.56	86.07	228.72	1
	82.03	88.89	236.69	1
	125.70	132.01	271.86	1
	189.86	147.65	272.79	1
	167.63	131.15	259.01	1
	185.73	153.86	271.11	1
	183.64	142.17	273.17	1
	174.87	158.44	261.76	1
	115.35	93.87	217.60	1
	103.59	142.66	238.92	1
	120.77	95.93	215.33	1
	183.81	154.33	268.26	1
	121.50	96.10	215.57	1
	126.88	77.54	233.79	1
	147.43	139.55	258.42	1
	122.09	133.45	271.06	1
	186.30	132.88	264.42	1
	125.98	99.15	210.48	1
	94.28	131.29	239.65	1
	151.03	133.92	179.50	1
	171.61	150.53	263.88	1
	95.33	90.01	221.57	1
	176.41	119.32	265.63	1
	118.36	94.93	216.47	1
	147.76	130.31	181.45	1
	124.46	123.28	188.38	1
	123.25	98.12	210.18	1
	179.35	126.00	270.17	1
	119.80	95.57	215.57	1
	130.40	102.01	207.46	1
	196.89	132.15	257.97	1
	190.55	137.03	270.35	1
	85.23	90.05	194.84	1
	121.46	125.20	186.79	1
	79.11	143.96	218.62	1
	169.26	141.04	257.75	1
	173.46	167.86	176.17	1
	213.80	142.55	277.56	1
	166.15	132.43	256.78	1
	122.23	129.60	273.63	1
	169.45	148.15	261.51	1
	135.97	60.31	230.08	1
	103.27	78.11	234.54	1
	249.66	151.38	300.06	1
	88.79	89.12	239.35	1
	159.07	168.56	253.50	1
	100.89	77.32	241.65	1
	177.71	123.47	269.33	1
	173.43	111.81	261.46	1
	151.73	134.93	255.64	1
	150.20	131.38	271.02	1
	173.70	109.74	273.63	1
	149.32	120.59	184.84	1
