This file is created for TexTools software, Resmat Corp 
ODF file name: solodf.HODF 

B	500	0 
	28.16	93.47	51.34	1
	67.40	81.24	44.04	1
	46.47	44.41	359.68	1
	96.81	86.53	46.50	1
	25.09	61.79	118.65	1
	22.15	55.50	17.12	1
	39.11	44.75	359.86	1
	121.83	43.14	1.30	1
	34.82	74.78	29.56	1
	100.09	30.16	27.01	1
	41.81	27.07	74.52	1
	107.63	79.45	53.90	1
	43.87	34.17	347.08	1
	27.98	93.46	51.25	1
	44.61	36.45	349.72	1
	60.51	84.32	40.41	1
	351.50	47.74	87.46	1
	27.46	92.42	49.23	1
	347.46	37.96	102.27	1
	354.35	42.55	90.10	1
	29.11	51.32	7.10	1
	3.22	46.31	94.07	1
	357.87	62.46	93.35	1
	41.08	34.28	78.31	1
	26.35	50.22	95.03	1
	25.08	58.81	36.22	1
	91.61	93.00	12.14	1
	96.78	75.96	73.70	1
	94.31	85.15	38.95	1
	82.12	91.60	48.52	1
	32.90	90.78	46.64	1
	30.83	60.12	28.78	1
	28.09	68.96	44.45	1
	31.53	91.28	47.62	1
	15.10	38.84	88.41	1
	33.51	51.77	11.29	1
	83.70	27.40	48.25	1
	358.03	48.66	88.18	1
	53.14	32.23	342.12	1
	23.71	90.95	46.47	1
	23.72	42.76	89.15	1
	91.94	93.64	22.45	1
	113.39	76.99	49.56	1
	12.29	43.00	89.59	1
	341.17	48.34	100.75	1
	29.02	92.91	50.47	1
	357.76	87.72	80.81	1
	70.52	28.45	59.26	1
	93.42	94.40	21.37	1
	15.70	49.59	20.50	1
	358.31	59.52	92.47	1
	28.82	93.32	51.17	1
	80.31	79.88	47.78	1
	30.07	77.31	49.05	1
	69.20	28.57	60.17	1
	24.73	45.38	1.29	1
	23.29	91.59	47.44	1
	28.54	58.55	111.98	1
	20.96	47.89	10.99	1
	24.66	37.75	355.35	1
	8.66	40.42	89.30	1
	6.77	47.39	13.32	1
	24.87	48.94	3.78	1
	73.14	28.11	57.31	1
	347.01	7.32	100.98	1
	29.00	61.54	22.49	1
	104.91	32.16	17.88	1
	357.36	31.46	93.25	1
	24.82	63.88	43.01	1
	17.07	46.96	0.36	1
	89.68	92.84	19.87	1
	28.90	63.97	26.21	1
	80.32	91.75	48.43	1
	90.08	89.43	57.89	1
	19.87	52.96	105.20	1
	26.66	36.62	84.43	1
	5.51	47.63	97.69	1
	5.14	28.54	88.05	1
	26.70	37.85	84.80	1
	120.54	11.56	323.37	1
	86.03	89.65	36.49	1
	62.71	36.57	8.17	1
	71.78	91.30	44.01	1
	3.54	27.17	87.88	1
	61.74	91.13	46.80	1
	27.25	92.93	48.84	1
	49.28	27.13	68.17	1
	36.86	41.45	86.26	1
	352.40	49.32	87.98	1
	88.98	91.34	31.17	1
	88.88	27.37	45.83	1
	27.30	48.21	3.98	1
	65.30	29.19	63.01	1
	86.95	89.83	40.03	1
	0.28	62.98	86.83	1
	75.00	86.72	41.15	1
	26.81	51.07	5.65	1
	30.30	63.93	26.66	1
	88.88	97.72	3.39	1
	11.85	50.47	103.85	1
	79.11	78.41	41.40	1
	32.28	85.88	44.74	1
	334.62	50.48	88.69	1
	357.45	42.40	90.11	1
	94.23	86.28	16.10	1
	36.57	66.20	26.44	1
	60.08	79.78	44.02	1
	11.98	38.63	88.70	1
	355.31	12.40	2.41	1
	354.30	38.18	90.66	1
	5.70	46.49	94.36	1
	30.46	94.92	51.34	1
	25.26	36.91	84.94	1
	28.13	93.42	51.25	1
	82.63	88.65	68.50	1
	90.75	27.28	314.69	1
	101.85	80.94	55.49	1
	48.97	29.00	71.96	1
	99.78	70.22	60.81	1
	358.46	59.56	90.23	1
	36.53	108.12	68.94	1
	33.53	37.13	82.40	1
	22.36	49.61	97.94	1
	357.83	73.75	95.81	1
	6.66	61.52	12.33	1
	208.87	100.59	43.74	1
	244.84	88.77	37.95	1
	265.75	52.52	40.13	1
	273.50	88.50	46.89	1
	211.32	60.10	101.03	1
	217.73	67.28	16.66	1
	278.35	32.41	310.54	1
	256.71	37.43	47.95	1
	211.62	82.11	34.28	1
	272.28	45.71	32.29	1
	247.82	15.54	23.10	1
	267.00	94.16	70.07	1
	241.43	44.08	325.85	1
	217.90	102.31	54.11	1
	238.04	47.52	331.25	1
	307.19	55.75	350.77	1
	169.87	46.60	90.22	1
	217.88	65.40	105.56	1
	183.71	37.12	81.61	1
	182.19	42.71	76.34	1
	209.40	57.48	9.34	1
	188.55	45.92	91.78	1
	185.64	57.57	92.19	1
	216.25	42.16	73.06	1
	205.82	53.97	96.68	1
	218.48	67.91	17.29	1
	270.34	103.75	1.12	1
	268.49	93.72	71.16	1
	267.26	95.97	38.66	1
	266.21	99.65	47.72	1
	204.21	124.11	48.52	1
	217.27	66.61	16.20	1
	211.23	84.40	37.36	1
	207.07	103.22	40.25	1
	177.44	36.21	90.89	1
	218.79	46.34	1.14	1
	233.47	45.74	56.53	1
	176.57	48.47	92.03	1
	248.02	50.58	321.45	1
	209.13	102.54	40.09	1
	199.27	44.03	90.06	1
	266.60	97.10	26.47	1
	220.20	67.15	107.07	1
	190.52	43.29	90.84	1
	167.58	45.28	90.22	1
	216.01	106.85	47.92	1
	182.90	77.13	92.11	1
	248.65	50.47	49.37	1
	270.14	92.91	24.19	1
	210.37	59.49	10.33	1
	181.94	56.90	91.62	1
	210.79	59.48	100.58	1
	260.35	90.03	46.73	1
	207.90	86.29	38.28	1
	239.64	48.18	51.12	1
	206.18	46.50	0.61	1
	210.06	58.36	99.91	1
	211.48	60.19	101.14	1
	206.04	54.46	6.90	1
	209.70	41.07	342.78	1
	185.16	39.04	89.36	1
	197.10	48.21	0.86	1
	204.94	53.35	6.13	1
	236.88	47.23	57.02	1
	227.34	24.48	43.47	1
	215.31	64.43	14.44	1
	266.76	35.25	41.02	1
	178.18	31.00	88.70	1
	219.48	68.94	18.19	1
	198.96	47.83	0.84	1
	248.18	87.97	30.93	1
	170.85	79.63	34.91	1
	269.58	97.02	51.51	1
	286.76	87.79	54.84	1
	209.19	57.63	99.25	1
	209.79	37.85	70.77	1
	194.28	47.96	90.67	1
	218.96	35.58	56.99	1
	204.87	40.36	80.99	1
	213.56	27.35	64.00	1
	263.65	93.76	37.98	1
	256.88	52.29	45.91	1
	241.06	89.36	41.80	1
	207.74	33.90	72.49	1
	252.97	90.09	46.66	1
	212.96	90.97	44.39	1
	210.31	40.70	79.21	1
	216.85	44.77	85.99	1
	178.99	48.30	89.96	1
	243.48	87.61	34.80	1
	269.44	30.89	45.54	1
	207.49	50.54	4.71	1
	251.01	39.62	50.52	1
	265.90	88.72	39.13	1
	177.12	60.92	94.81	1
	251.83	89.33	39.82	1
	211.50	60.34	11.18	1
	218.30	67.74	17.13	1
	247.14	87.59	29.60	1
	202.36	53.58	95.11	1
	245.73	89.25	40.54	1
	210.67	88.68	42.36	1
	164.17	50.43	89.74	1
	183.43	42.67	77.02	1
	255.86	83.78	19.09	1
	220.24	69.68	18.86	1
	268.47	36.60	40.26	1
	173.75	36.35	87.50	1
	212.95	28.13	335.25	1
	159.87	41.72	90.66	1
	189.36	46.70	90.26	1
	217.09	61.21	99.92	1
	207.55	35.76	73.29	1
	218.71	100.36	55.10	1
	268.34	92.36	68.80	1
	114.65	38.86	95.39	1
	269.85	94.66	65.99	1
	222.62	26.93	53.46	1
	269.88	86.27	69.73	1
	176.28	60.33	91.24	1
	202.42	115.48	63.82	1
	207.59	41.02	86.59	1
	206.32	55.26	97.22	1
	194.11	58.10	92.84	1
	193.58	60.57	3.09	1
	311.15	77.40	243.23	1
	296.24	99.52	223.24	1
	298.53	135.45	181.65	1
	274.77	97.40	227.10	1
	330.21	133.14	276.67	1
	340.76	124.46	192.27	1
	301.66	134.59	180.39	1
	234.70	141.44	185.55	1
	324.56	124.28	223.31	1
	222.19	137.89	182.97	1
	277.89	168.66	192.34	1
	270.29	86.64	246.88	1
	321.42	138.40	178.62	1
	310.84	77.62	243.02	1
	299.32	138.05	177.67	1
	296.07	93.20	220.84	1
	22.64	129.97	266.86	1
	306.67	80.62	239.35	1
	357.86	144.45	268.79	1
	8.91	137.05	268.95	1
	301.22	136.57	175.98	1
	7.17	132.35	282.95	1
	357.86	106.66	269.95	1
	348.99	144.53	267.51	1
	346.08	133.52	282.22	1
	306.05	128.23	188.23	1
	273.42	109.92	192.48	1
	267.67	87.66	257.56	1
	267.89	88.70	219.84	1
	285.85	89.47	227.91	1
	347.16	87.44	243.63	1
	314.74	123.46	194.32	1
	317.97	122.76	219.69	1
	310.76	77.99	242.42	1
	3.52	143.06	278.23	1
	311.85	120.15	200.55	1
	252.95	150.00	201.22	1
	2.77	131.63	268.15	1
	301.32	137.54	178.18	1
	308.88	81.31	237.66	1
	349.93	137.20	268.21	1
	281.63	99.24	214.43	1
	248.27	107.62	237.43	1
	351.06	137.48	267.47	1
	25.25	133.27	269.32	1
	310.82	77.95	242.48	1
	3.44	102.64	264.37	1
	287.07	147.38	254.85	1
	277.03	110.75	206.94	1
	353.88	121.25	179.97	1
	356.21	114.96	267.73	1
	316.61	73.05	247.87	1
	288.09	89.67	226.63	1
	313.82	108.66	206.09	1
	281.30	151.90	239.12	1
	340.11	134.79	177.25	1
	311.39	77.67	242.75	1
	310.47	134.83	273.16	1
	346.48	134.11	192.38	1
	4.88	144.48	181.55	1
	5.46	140.58	270.56	1
	6.86	130.92	190.66	1
	338.29	134.33	177.22	1
	282.48	151.32	242.28	1
	60.15	162.41	328.92	1
	302.09	131.35	182.53	1
	265.89	152.57	221.91	1
	9.03	150.02	281.07	1
	318.90	134.63	203.83	1
	348.53	131.26	179.85	1
	268.76	92.03	205.42	1
	313.59	135.87	178.36	1
	290.65	89.45	227.34	1
	270.15	88.39	239.65	1
	342.08	87.71	253.31	1
	356.61	149.93	270.96	1
	358.73	131.67	270.07	1
	27.32	149.20	289.86	1
	358.36	145.25	269.42	1
	234.84	150.30	110.75	1
	289.57	101.39	221.28	1
	302.22	136.35	179.08	1
	295.53	94.24	221.72	1
	17.52	152.76	289.70	1
	299.48	90.76	225.23	1
	305.95	82.21	236.75	1
	319.89	164.10	242.54	1
	299.67	136.54	268.17	1
	19.35	131.35	268.90	1
	288.41	103.78	218.47	1
	274.56	151.67	236.98	1
	327.55	136.33	179.21	1
	296.77	141.82	264.16	1
	274.16	90.33	219.64	1
	356.04	114.32	267.72	1
	293.32	96.69	223.17	1
	337.68	133.46	192.01	1
	301.89	135.51	185.66	1
	270.96	110.57	196.59	1
	0.07	125.26	268.03	1
	291.35	99.83	223.06	1
	311.59	109.44	212.73	1
	28.80	122.09	260.90	1
	18.29	136.10	285.89	1
	279.68	102.92	202.19	1
	307.50	124.58	193.43	1
	309.56	110.23	211.92	1
	356.92	143.96	269.13	1
	33.81	151.84	203.98	1
	25.94	138.34	280.94	1
	11.30	132.15	279.78	1
	308.35	80.84	238.55	1
	357.40	151.01	271.26	1
	311.86	76.88	243.82	1
	271.45	89.23	243.73	1
	282.52	148.88	159.03	1
	275.72	88.09	238.12	1
	315.58	154.86	248.10	1
	274.28	84.96	249.69	1
	3.83	119.72	268.77	1
	317.69	68.03	252.78	1
	331.78	138.40	269.04	1
	353.00	129.00	285.46	1
	354.95	92.11	264.13	1
	0.70	112.40	182.48	1
	134.97	56.48	225.64	1
	121.70	96.62	213.89	1
	78.21	148.68	128.08	1
	94.27	91.13	226.83	1
	132.52	130.01	272.51	1
	133.03	114.26	195.18	1
	120.77	136.32	179.08	1
	93.35	134.08	224.78	1
	136.11	106.81	202.20	1
	84.44	142.07	223.21	1
	303.62	163.02	47.08	1
	94.62	68.39	246.21	1
	136.44	133.73	174.38	1
	131.18	66.36	241.01	1
	115.26	136.85	178.10	1
	76.35	114.08	175.16	1
	198.15	133.45	268.35	1
	126.08	125.52	278.31	1
	176.47	142.10	262.63	1
	192.66	137.37	270.50	1
	133.17	133.87	180.57	1
	176.49	133.94	271.49	1
	184.02	118.72	258.15	1
	174.66	146.38	263.36	1
	144.64	132.76	270.77	1
	123.59	120.96	190.29	1
	101.99	92.84	208.80	1
	93.81	76.49	257.99	1
	93.54	91.10	219.93	1
	101.50	78.96	226.56	1
	152.87	66.52	240.19	1
	123.17	124.76	187.11	1
	134.05	104.96	204.14	1
	134.50	57.10	225.77	1
	167.43	143.08	257.84	1
	122.42	127.38	185.12	1
	133.81	142.97	241.76	1
	180.09	131.64	272.07	1
	114.41	137.67	171.07	1
	129.86	73.23	237.14	1
	170.80	136.12	269.93	1
	91.06	90.01	208.46	1
	125.84	120.94	280.49	1
	167.18	135.78	255.69	1
	199.07	134.28	262.79	1
	135.71	56.68	225.64	1
	185.06	112.09	257.28	1
	117.39	134.07	270.74	1
	88.38	93.24	197.87	1
	158.07	126.45	181.85	1
	171.91	121.11	269.67	1
	125.27	130.48	272.84	1
	107.35	83.86	225.64	1
	131.87	103.20	206.03	1
	141.79	140.14	259.81	1
	156.66	133.25	180.38	1
	123.09	131.04	272.66	1
	122.60	130.96	272.75	1
	149.08	131.58	181.00	1
	183.04	143.58	176.64	1
	180.35	140.90	272.10	1
	166.79	131.26	180.20	1
	150.46	132.85	180.60	1
	134.92	134.63	252.40	1
	192.22	162.48	283.30	1
	121.95	131.61	182.27	1
	99.48	147.54	239.22	1
	186.62	150.14	278.03	1
	127.14	117.29	193.27	1
	159.28	129.93	167.83	1
	94.35	94.42	202.00	1
	211.30	88.42	221.82	1
	100.07	77.20	229.56	1
	83.20	90.31	239.39	1
	132.31	131.26	271.90	1
	188.77	150.70	272.55	1
	177.02	131.16	271.79	1
	194.77	157.52	281.45	1
	173.36	143.78	260.40	1
	188.16	160.90	275.74	1
	113.45	93.39	217.72	1
	100.28	131.54	234.46	1
	119.34	95.32	216.00	1
	187.37	156.88	272.02	1
	120.28	95.44	216.60	1
	126.44	69.41	226.99	1
	150.66	142.21	259.61	1
	121.10	133.05	271.97	1
	179.19	131.74	256.31	1
	124.75	98.60	210.66	1
	101.97	145.77	247.68	1
	149.63	133.64	173.58	1
	176.43	153.04	272.02	1
	94.35	91.29	220.72	1
	172.53	116.60	261.94	1
	116.69	94.37	216.91	1
	151.22	129.13	181.59	1
	129.07	121.09	191.45	1
	121.07	97.51	209.02	1
	178.50	123.81	269.53	1
	118.23	94.99	216.04	1
	129.84	101.58	207.98	1
	200.84	130.58	265.92	1
	189.17	137.55	270.38	1
	89.49	86.90	192.99	1
	124.97	122.49	189.12	1
	79.46	142.90	220.44	1
	178.96	143.36	271.08	1
	192.07	167.38	195.73	1
	211.29	142.02	276.54	1
	177.11	133.07	272.30	1
	123.02	128.03	274.62	1
	179.15	151.61	272.87	1
	132.08	72.23	240.89	1
	101.69	79.80	238.00	1
	248.36	151.23	299.15	1
	88.79	84.51	242.65	1
	145.04	168.58	234.02	1
	97.22	72.45	245.35	1
	177.36	121.47	269.47	1
	171.00	108.91	261.12	1
	163.32	137.44	269.87	1
	153.31	130.48	271.13	1
	176.39	107.66	272.66	1
	154.99	116.81	186.95	1
