This file is created for TexTools software, Resmat Corp 
ODF file name: solodf.HODF 

B	500	0 
	35.89	95.28	56.38	1
	73.04	88.44	37.41	1
	72.97	42.61	1.38	1
	93.69	89.76	49.52	1
	16.73	62.94	112.86	1
	7.17	62.74	21.25	1
	46.44	44.23	359.60	1
	114.62	40.02	5.66	1
	32.87	64.25	40.17	1
	98.04	29.45	31.38	1
	45.44	15.22	49.66	1
	96.09	73.71	72.34	1
	33.99	34.99	351.40	1
	41.05	94.34	55.83	1
	40.77	39.64	354.12	1
	72.59	73.17	25.31	1
	352.08	50.25	88.27	1
	52.23	93.02	55.36	1
	355.39	27.82	91.73	1
	356.25	39.03	90.36	1
	26.34	50.39	5.16	1
	353.61	49.57	103.64	1
	359.78	73.74	101.10	1
	29.86	30.52	81.65	1
	13.06	50.06	103.99	1
	29.33	64.93	23.20	1
	88.68	93.36	7.09	1
	88.59	72.68	83.20	1
	90.19	88.28	30.89	1
	85.17	90.85	52.92	1
	28.16	93.45	49.47	1
	25.35	61.47	30.48	1
	36.11	75.66	33.54	1
	29.55	93.92	52.28	1
	10.35	30.01	86.57	1
	45.92	48.35	3.47	1
	84.85	26.86	43.65	1
	358.96	53.61	89.63	1
	46.22	35.10	347.93	1
	28.89	92.10	49.03	1
	16.75	39.16	88.33	1
	88.82	84.46	13.41	1
	103.05	76.31	61.67	1
	7.52	40.04	88.58	1
	339.46	50.27	103.09	1
	35.92	94.53	54.86	1
	357.41	90.28	80.74	1
	67.13	27.53	58.44	1
	93.78	88.42	12.11	1
	11.85	59.90	14.36	1
	359.03	70.14	94.49	1
	30.10	95.68	56.50	1
	81.03	82.57	49.86	1
	48.16	74.30	43.57	1
	65.67	26.85	58.59	1
	13.20	47.64	7.81	1
	31.72	93.04	51.67	1
	19.71	57.90	112.17	1
	10.96	50.35	15.39	1
	15.56	30.62	355.61	1
	5.24	33.92	87.50	1
	6.41	52.60	4.49	1
	11.69	48.59	12.04	1
	70.10	26.60	54.90	1
	30.43	6.92	51.80	1
	24.54	59.80	25.49	1
	100.98	30.52	26.00	1
	356.63	21.14	94.96	1
	18.15	67.71	46.80	1
	7.74	51.61	4.14	1
	88.20	93.55	13.19	1
	25.10	67.57	25.43	1
	82.88	91.41	52.36	1
	90.21	86.44	68.08	1
	19.84	69.07	90.26	1
	18.44	27.67	83.00	1
	5.76	52.22	90.45	1
	1.75	17.00	84.49	1
	16.33	32.28	86.41	1
	94.24	9.37	351.60	1
	88.27	84.20	27.44	1
	67.96	35.25	20.26	1
	75.15	77.87	40.18	1
	358.76	15.58	86.54	1
	71.15	91.22	47.79	1
	45.43	92.27	51.62	1
	54.22	14.58	40.93	1
	33.54	43.11	88.30	1
	355.02	54.85	89.39	1
	91.33	91.31	18.69	1
	88.38	27.39	46.49	1
	23.46	46.42	1.67	1
	58.75	28.83	66.53	1
	87.39	90.14	33.06	1
	356.43	72.55	100.43	1
	79.26	88.27	32.36	1
	7.60	52.80	22.87	1
	26.11	67.88	26.93	1
	89.09	99.88	359.09	1
	357.93	63.06	112.60	1
	82.67	88.91	34.25	1
	37.68	88.96	40.87	1
	343.94	58.29	87.76	1
	358.41	38.68	90.15	1
	91.20	93.20	9.80	1
	36.31	63.82	27.54	1
	70.77	77.61	33.28	1
	7.19	29.62	87.69	1
	309.99	11.95	49.60	1
	350.94	28.97	96.29	1
	3.78	49.27	91.34	1
	39.68	92.90	52.33	1
	17.44	27.98	83.33	1
	35.73	95.22	56.21	1
	90.50	85.34	77.05	1
	80.85	19.81	333.68	1
	94.13	79.23	69.01	1
	69.58	14.63	27.79	1
	91.81	73.54	77.93	1
	358.40	70.04	93.87	1
	37.59	108.04	70.29	1
	23.25	36.25	85.35	1
	10.38	56.16	103.10	1
	359.33	82.53	101.20	1
	1.59	76.41	12.73	1
	229.59	110.46	55.63	1
	252.60	87.01	28.26	1
	256.95	43.61	42.98	1
	271.22	88.29	49.40	1
	207.31	59.27	98.53	1
	212.95	69.15	16.78	1
	269.69	38.50	347.03	1
	256.44	35.62	42.67	1
	210.02	81.66	31.65	1
	269.22	49.43	37.68	1
	235.95	8.56	28.76	1
	272.28	85.97	78.93	1
	225.99	43.18	333.69	1
	229.85	108.36	57.14	1
	227.70	45.17	344.88	1
	294.95	56.78	352.13	1
	172.26	48.52	88.56	1
	239.47	62.53	86.93	1
	176.30	27.48	94.39	1
	180.03	39.04	82.36	1
	205.83	53.91	6.66	1
	183.90	46.66	91.95	1
	183.79	69.81	93.82	1
	209.80	32.35	71.39	1
	200.49	51.91	94.07	1
	216.67	67.84	16.82	1
	269.06	103.79	1.07	1
	266.68	92.02	78.17	1
	268.88	93.82	30.27	1
	266.54	97.28	52.54	1
	204.14	120.09	53.50	1
	215.81	65.67	14.99	1
	208.19	84.22	35.15	1
	214.70	97.30	50.35	1
	181.91	27.26	87.34	1
	227.11	47.48	1.33	1
	223.75	35.74	56.54	1
	177.27	53.68	90.82	1
	235.61	46.84	334.15	1
	211.85	93.79	48.80	1
	193.45	43.51	88.32	1
	267.49	96.31	17.00	1
	242.88	63.04	97.24	1
	189.84	40.31	84.78	1
	168.46	47.35	88.40	1
	233.30	92.35	68.56	1
	176.57	83.88	92.64	1
	232.39	45.43	62.97	1
	263.96	91.93	14.60	1
	204.90	61.50	7.40	1
	181.19	66.76	89.43	1
	206.70	58.35	98.04	1
	261.31	90.19	49.16	1
	221.76	79.95	27.24	1
	220.36	32.60	64.64	1
	198.96	49.03	1.19	1
	206.54	55.35	97.29	1
	207.84	58.63	98.71	1
	200.45	53.28	4.33	1
	203.97	28.10	342.86	1
	181.96	30.78	87.89	1
	189.43	53.10	1.20	1
	199.17	51.99	3.64	1
	220.09	36.23	68.68	1
	228.44	17.56	38.26	1
	213.48	62.43	12.85	1
	264.30	51.85	43.47	1
	168.09	21.92	100.94	1
	217.94	69.18	17.96	1
	191.04	52.22	1.31	1
	257.39	83.05	15.08	1
	179.76	76.56	31.00	1
	268.76	92.06	60.46	1
	277.28	84.86	68.03	1
	204.73	55.98	96.62	1
	211.03	22.92	64.40	1
	187.58	52.40	90.78	1
	228.50	26.46	37.76	1
	205.54	29.95	71.48	1
	248.78	18.30	22.01	1
	266.09	90.65	29.72	1
	249.35	41.68	53.43	1
	251.24	88.77	37.18	1
	218.13	21.36	54.90	1
	256.92	97.88	51.64	1
	229.14	103.88	50.15	1
	215.27	33.43	61.11	1
	213.28	44.39	88.58	1
	176.31	53.00	89.56	1
	252.42	84.36	21.23	1
	270.65	45.36	46.01	1
	203.70	48.86	2.35	1
	245.82	34.67	48.96	1
	267.28	98.25	31.07	1
	182.87	71.94	90.50	1
	258.38	88.18	32.46	1
	207.44	59.80	8.68	1
	215.89	68.22	16.77	1
	256.75	81.92	13.58	1
	194.16	58.98	92.99	1
	255.06	88.71	34.05	1
	214.11	87.75	40.24	1
	174.53	60.02	81.68	1
	182.55	38.81	81.53	1
	263.51	81.37	7.55	1
	220.01	69.09	18.46	1
	270.68	38.22	30.13	1
	176.70	26.86	86.21	1
	246.81	19.31	293.61	1
	165.66	37.04	91.19	1
	184.93	49.18	90.12	1
	228.61	71.76	75.52	1
	224.44	30.68	41.84	1
	233.37	97.82	67.90	1
	269.78	85.21	77.29	1
	122.90	29.51	104.27	1
	268.98	84.26	76.15	1
	248.69	21.01	20.33	1
	270.50	86.55	76.34	1
	181.24	69.85	88.38	1
	198.56	93.43	75.85	1
	209.62	40.76	72.61	1
	200.14	55.97	94.64	1
	183.71	74.26	97.58	1
	183.64	77.30	8.24	1
	308.98	79.41	241.30	1
	287.57	103.14	219.40	1
	297.27	135.00	180.02	1
	272.27	96.50	229.49	1
	344.74	121.23	280.10	1
	352.74	103.84	201.41	1
	305.95	133.23	189.77	1
	267.89	142.87	192.30	1
	317.92	116.47	211.81	1
	230.94	138.69	182.21	1
	285.04	172.46	200.28	1
	273.81	89.58	255.51	1
	333.86	143.30	177.65	1
	307.87	79.40	241.73	1
	301.04	138.50	177.34	1
	286.31	103.17	216.72	1
	15.43	127.44	267.84	1
	301.95	82.87	237.78	1
	5.27	153.91	275.89	1
	8.13	140.74	274.04	1
	324.63	134.36	179.92	1
	5.05	129.45	279.90	1
	357.11	100.46	264.39	1
	355.28	155.66	273.55	1
	344.10	127.85	271.65	1
	318.97	124.05	192.21	1
	267.66	110.98	184.59	1
	265.30	85.62	263.54	1
	267.90	100.29	212.62	1
	278.82	88.80	232.29	1
	348.63	91.34	240.52	1
	324.48	119.83	197.28	1
	313.33	108.13	208.72	1
	309.79	80.09	239.47	1
	355.97	152.84	265.17	1
	317.44	128.63	214.44	1
	258.67	151.89	179.87	1
	359.74	126.96	267.66	1
	304.58	141.82	175.23	1
	311.28	84.24	233.10	1
	349.73	138.68	267.25	1
	274.40	99.66	200.33	1
	261.35	115.51	258.17	1
	353.44	140.32	268.08	1
	17.74	130.39	268.73	1
	310.16	81.57	240.53	1
	358.88	97.22	266.66	1
	288.63	154.06	234.73	1
	271.10	105.15	190.17	1
	352.98	111.28	181.37	1
	359.14	107.13	266.50	1
	323.08	78.89	244.56	1
	281.05	89.47	229.15	1
	308.45	117.37	210.64	1
	282.87	155.80	222.35	1
	343.91	131.66	179.90	1
	312.14	82.29	240.86	1
	348.11	127.50	300.05	1
	343.36	129.67	180.80	1
	0.02	155.32	180.11	1
	2.68	148.35	272.50	1
	354.22	126.20	180.78	1
	352.52	130.25	194.84	1
	286.05	155.20	226.84	1
	21.77	174.55	297.41	1
	314.33	134.26	197.19	1
	263.88	152.16	218.90	1
	6.44	159.85	279.85	1
	343.94	125.08	211.23	1
	353.58	127.82	182.78	1
	269.28	91.39	196.21	1
	349.42	122.64	206.41	1
	283.04	89.02	231.03	1
	263.66	89.30	249.21	1
	344.98	97.00	256.68	1
	5.53	159.29	277.58	1
	358.92	126.93	270.09	1
	36.45	158.38	307.68	1
	351.94	154.14	262.67	1
	239.79	158.59	135.39	1
	280.45	100.73	211.54	1
	293.41	137.73	178.24	1
	287.78	97.31	220.75	1
	37.94	159.23	310.50	1
	294.03	90.07	224.34	1
	303.56	84.79	233.07	1
	282.94	168.35	198.65	1
	324.16	134.10	275.40	1
	11.02	125.70	268.47	1
	278.19	102.57	201.89	1
	276.77	150.99	241.03	1
	337.11	136.41	177.70	1
	308.20	151.57	254.25	1
	269.88	91.41	212.17	1
	3.70	104.92	272.58	1
	283.91	102.19	216.98	1
	344.65	124.84	186.86	1
	336.23	123.69	201.67	1
	270.10	103.59	186.07	1
	359.13	114.08	266.97	1
	282.26	102.63	217.35	1
	308.00	109.61	212.78	1
	22.90	120.12	263.86	1
	4.23	141.56	270.76	1
	270.60	107.84	187.46	1
	317.17	128.75	209.02	1
	301.39	110.40	211.59	1
	4.27	152.87	276.28	1
	70.26	161.10	248.47	1
	23.83	146.27	287.43	1
	7.19	129.36	277.96	1
	309.58	91.01	239.86	1
	7.63	160.21	280.05	1
	310.27	79.12	242.11	1
	265.21	89.30	255.37	1
	285.86	157.21	158.78	1
	270.13	86.30	250.51	1
	305.08	166.95	223.28	1
	271.80	87.81	257.20	1
	356.27	108.22	267.59	1
	322.32	71.19	253.11	1
	340.44	143.30	267.69	1
	350.09	120.08	273.73	1
	354.02	94.82	264.24	1
	359.20	105.38	176.84	1
	129.77	70.50	235.02	1
	113.81	94.43	212.16	1
	79.57	140.37	139.95	1
	91.97	89.76	229.61	1
	151.44	122.79	273.67	1
	151.96	105.28	199.44	1
	113.96	136.37	175.84	1
	96.07	144.37	207.04	1
	135.64	106.14	203.03	1
	78.65	147.51	213.65	1
	286.39	170.16	23.68	1
	89.45	77.55	257.62	1
	144.71	138.71	166.87	1
	127.11	68.64	243.92	1
	123.98	139.49	170.96	1
	86.42	112.76	180.50	1
	183.71	132.89	257.95	1
	121.52	116.33	270.81	1
	172.32	151.99	261.00	1
	188.15	140.85	272.16	1
	150.15	132.25	180.80	1
	177.40	133.30	272.29	1
	175.58	107.09	255.22	1
	176.12	156.29	270.21	1
	157.25	129.55	271.20	1
	135.76	113.60	195.23	1
	93.24	98.22	193.18	1
	90.65	80.24	264.27	1
	90.49	91.29	212.74	1
	96.63	89.85	231.90	1
	174.42	84.69	234.28	1
	131.34	118.07	191.25	1
	133.20	103.70	205.71	1
	131.15	67.76	230.15	1
	175.26	153.13	270.50	1
	121.23	125.44	186.75	1
	108.54	152.25	205.01	1
	170.50	126.16	256.76	1
	116.94	133.99	155.94	1
	134.00	81.62	233.91	1
	171.82	137.50	270.24	1
	87.24	93.32	196.77	1
	123.10	122.18	280.72	1
	167.73	139.05	256.89	1
	196.87	132.87	269.81	1
	132.74	85.05	243.02	1
	178.14	97.69	252.73	1
	134.87	132.27	260.72	1
	87.05	94.78	190.58	1
	166.32	114.83	184.21	1
	171.92	109.96	271.18	1
	147.23	123.95	273.60	1
	99.98	79.08	228.34	1
	129.19	101.60	207.00	1
	128.43	154.04	231.34	1
	164.79	130.72	180.74	1
	145.82	125.33	273.15	1
	145.69	125.16	273.34	1
	160.67	126.64	181.81	1
	180.74	153.71	179.27	1
	181.21	149.15	272.72	1
	170.10	126.07	181.40	1
	160.87	129.75	180.98	1
	138.04	148.03	244.50	1
	194.63	169.26	280.74	1
	119.83	128.65	184.70	1
	96.22	133.86	232.63	1
	177.84	161.31	272.81	1
	135.70	111.97	196.63	1
	167.48	126.63	176.99	1
	93.14	90.47	192.75	1
	204.24	88.25	220.81	1
	94.41	82.91	238.34	1
	82.69	92.48	249.59	1
	150.66	125.88	272.66	1
	206.81	161.24	294.89	1
	178.43	126.01	270.34	1
	156.88	166.00	246.35	1
	173.97	154.38	263.24	1
	218.54	171.26	310.19	1
	104.39	91.98	213.22	1
	104.39	138.78	228.73	1
	111.91	93.28	216.28	1
	189.98	166.32	281.53	1
	114.35	92.76	219.75	1
	123.68	77.86	227.32	1
	147.43	154.85	250.34	1
	137.70	131.60	271.33	1
	184.17	127.60	269.15	1
	112.64	99.23	204.06	1
	95.27	142.55	240.61	1
	153.17	134.31	169.49	1
	151.47	161.78	249.08	1
	91.20	91.92	214.74	1
	173.68	107.42	268.37	1
	108.24	92.58	214.83	1
	160.37	120.95	182.20	1
	140.16	113.71	193.64	1
	101.08	99.17	192.97	1
	178.71	114.16	267.14	1
	109.84	93.05	214.01	1
	127.15	99.64	210.44	1
	186.01	126.44	256.70	1
	179.40	141.11	262.88	1
	87.10	95.98	187.53	1
	122.75	122.39	189.05	1
	71.27	145.12	205.79	1
	181.01	153.18	273.23	1
	214.64	170.80	214.16	1
	201.25	142.51	273.80	1
	178.58	130.78	271.94	1
	134.17	116.90	264.10	1
	173.97	161.10	261.76	1
	132.38	81.09	243.80	1
	93.82	77.25	255.29	1
	242.40	151.41	295.59	1
	89.14	91.35	252.07	1
	237.12	171.56	328.02	1
	88.81	74.46	255.44	1
	180.01	111.33	273.43	1
	161.43	98.31	261.22	1
	160.50	142.35	261.23	1
	163.48	123.92	271.52	1
	175.59	100.97	257.03	1
	169.59	101.65	190.40	1
