This file is created for TexTools software, Resmat Corp 
ODF file name: solodf.HODF 

B	500	0 
	31.23	97.48	55.14	1
	71.49	86.68	41.68	1
	55.87	43.77	0.13	1
	95.19	90.26	47.86	1
	25.05	59.17	109.89	1
	5.20	54.19	31.88	1
	41.69	44.56	359.75	1
	118.39	41.86	2.40	1
	28.43	61.38	45.73	1
	100.46	30.09	24.20	1
	48.57	18.07	53.45	1
	102.29	80.13	62.12	1
	39.10	35.06	349.48	1
	25.52	94.21	51.90	1
	42.39	38.12	352.09	1
	67.03	83.33	34.05	1
	351.58	48.68	87.69	1
	42.01	92.50	51.62	1
	349.61	33.34	99.29	1
	355.11	41.17	90.27	1
	27.92	50.85	6.20	1
	4.81	47.36	89.64	1
	0.74	68.97	90.90	1
	35.98	33.89	80.21	1
	22.87	50.25	95.77	1
	28.86	63.78	26.50	1
	90.18	98.26	7.26	1
	92.61	73.69	81.68	1
	92.07	88.36	35.78	1
	83.26	91.37	50.17	1
	29.97	91.40	47.78	1
	23.84	56.36	38.66	1
	32.32	73.33	37.22	1
	29.62	92.28	49.39	1
	11.52	35.29	87.99	1
	37.69	49.35	8.05	1
	83.66	27.33	47.27	1
	359.11	50.61	88.27	1
	49.59	33.59	344.99	1
	31.25	91.18	47.40	1
	20.33	41.36	88.78	1
	85.32	92.83	17.42	1
	107.38	72.69	53.02	1
	9.41	41.83	89.47	1
	338.68	49.46	104.06	1
	31.18	96.46	53.76	1
	357.90	89.06	80.77	1
	68.06	28.42	60.70	1
	88.58	88.68	16.57	1
	13.65	52.60	18.21	1
	353.32	65.82	98.85	1
	32.01	97.22	54.88	1
	80.41	80.76	48.57	1
	38.17	84.81	41.07	1
	66.62	28.40	61.54	1
	19.24	45.98	4.42	1
	31.69	91.98	48.97	1
	14.24	52.38	125.54	1
	15.35	48.36	14.52	1
	19.48	35.64	356.35	1
	6.95	37.84	88.38	1
	7.96	49.27	6.73	1
	17.57	48.84	9.39	1
	71.25	27.81	57.96	1
	53.35	7.67	31.85	1
	32.52	60.02	17.45	1
	104.44	32.53	16.55	1
	353.43	26.17	97.57	1
	29.01	66.84	35.79	1
	7.50	48.61	8.78	1
	88.99	92.36	16.24	1
	29.80	64.90	22.44	1
	81.14	91.39	49.88	1
	87.26	82.12	63.52	1
	7.29	60.59	115.25	1
	21.06	33.82	85.60	1
	8.38	49.57	89.99	1
	12.79	22.22	79.22	1
	21.58	36.48	85.88	1
	108.62	9.92	336.86	1
	86.09	90.41	31.86	1
	70.12	32.97	3.63	1
	72.40	90.01	42.12	1
	12.86	20.78	77.94	1
	66.96	91.37	47.21	1
	32.69	92.08	49.23	1
	55.85	21.97	47.62	1
	35.29	42.43	87.35	1
	353.55	51.41	88.34	1
	88.00	95.81	25.37	1
	88.71	27.38	46.00	1
	25.73	47.19	2.70	1
	62.18	29.45	65.02	1
	87.57	89.81	37.27	1
	359.47	67.67	87.57	1
	76.58	88.89	37.07	1
	24.20	51.40	5.26	1
	29.29	65.91	25.28	1
	87.49	99.00	3.05	1
	10.64	54.04	99.47	1
	80.75	83.98	38.26	1
	30.17	88.69	43.45	1
	340.19	53.58	88.12	1
	358.12	40.94	90.13	1
	91.43	94.96	11.95	1
	28.23	55.69	43.28	1
	66.13	83.40	38.74	1
	8.47	35.00	89.28	1
	344.89	10.83	10.76	1
	355.17	34.42	90.87	1
	7.02	47.67	89.40	1
	23.62	93.00	49.67	1
	19.76	34.05	86.05	1
	31.04	97.38	55.00	1
	86.45	93.36	72.97	1
	89.93	26.50	316.80	1
	96.99	76.45	62.03	1
	54.82	24.70	54.22	1
	96.93	76.34	70.64	1
	352.92	65.77	97.63	1
	37.08	108.40	69.37	1
	28.45	37.47	84.16	1
	16.09	51.22	101.62	1
	358.43	78.69	98.35	1
	358.29	70.17	20.27	1
	224.23	102.49	54.85	1
	249.48	88.75	34.02	1
	265.72	47.88	39.35	1
	272.30	88.54	47.84	1
	209.70	59.11	99.86	1
	216.72	67.34	16.29	1
	275.29	40.72	326.28	1
	254.73	34.76	48.65	1
	211.07	81.28	33.18	1
	268.50	57.12	37.68	1
	248.56	15.76	19.32	1
	271.41	90.57	74.71	1
	236.08	45.97	325.68	1
	221.63	99.91	54.85	1
	233.25	46.74	336.93	1
	307.21	57.04	349.88	1
	181.68	47.76	73.75	1
	220.67	63.19	103.42	1
	182.39	32.64	85.27	1
	181.59	41.32	78.22	1
	207.77	55.69	8.04	1
	185.91	46.20	91.96	1
	185.31	62.88	89.80	1
	218.17	41.93	63.75	1
	203.43	52.56	95.30	1
	217.97	67.58	16.91	1
	269.78	103.77	0.95	1
	268.76	89.47	76.29	1
	268.14	94.60	35.33	1
	266.28	98.85	49.64	1
	206.21	122.02	53.68	1
	216.65	66.03	15.66	1
	208.66	85.07	36.13	1
	209.75	97.33	48.66	1
	190.67	32.40	73.97	1
	221.86	46.49	0.94	1
	225.71	44.02	59.96	1
	176.64	50.52	91.99	1
	240.31	47.96	329.00	1
	213.09	96.44	47.59	1
	202.24	45.05	80.61	1
	269.61	93.17	21.98	1
	226.34	63.45	103.41	1
	199.51	43.53	74.05	1
	178.38	46.79	73.63	1
	229.03	113.41	53.60	1
	178.02	81.10	88.40	1
	239.00	47.09	57.53	1
	269.16	96.20	19.45	1
	208.30	59.17	9.06	1
	181.03	61.92	90.04	1
	209.11	58.39	99.38	1
	260.58	90.08	47.68	1
	210.26	83.93	33.97	1
	230.05	45.68	56.48	1
	202.83	47.48	0.88	1
	208.47	56.75	98.67	1
	209.96	59.03	100.00	1
	203.58	53.33	5.55	1
	206.25	35.86	342.43	1
	183.82	35.74	88.46	1
	193.19	50.13	1.07	1
	202.34	52.18	4.79	1
	229.32	38.20	63.65	1
	224.18	17.06	48.38	1
	214.46	63.48	13.70	1
	265.93	31.63	42.07	1
	178.71	26.38	86.03	1
	219.09	68.75	17.94	1
	195.00	49.55	1.08	1
	252.35	85.42	23.64	1
	177.18	77.40	32.23	1
	269.58	95.98	55.10	1
	281.91	87.50	60.15	1
	207.29	56.36	97.96	1
	213.97	32.18	61.77	1
	190.73	49.70	90.80	1
	220.10	25.72	54.52	1
	209.43	37.95	68.73	1
	232.59	21.32	40.10	1
	265.44	94.19	34.32	1
	253.46	46.84	50.41	1
	246.53	89.18	40.00	1
	220.65	30.84	51.74	1
	253.92	90.17	49.13	1
	216.45	95.36	43.31	1
	212.26	39.00	70.20	1
	216.01	45.37	86.15	1
	178.99	50.15	90.17	1
	247.72	87.46	29.28	1
	269.81	49.87	45.34	1
	206.12	49.15	3.17	1
	244.68	36.25	58.61	1
	267.30	89.31	35.98	1
	179.68	66.98	92.16	1
	255.67	89.27	36.89	1
	209.88	59.42	10.03	1
	217.70	67.47	16.72	1
	251.64	84.57	21.75	1
	198.80	54.68	93.96	1
	250.47	88.97	38.02	1
	208.90	86.79	40.74	1
	172.82	54.06	81.22	1
	182.80	41.13	79.25	1
	260.41	82.03	12.22	1
	220.08	69.46	18.68	1
	268.83	33.07	39.40	1
	176.06	32.26	86.82	1
	231.39	22.27	311.48	1
	163.30	39.88	91.03	1
	186.84	47.67	90.29	1
	225.92	68.54	83.93	1
	212.68	29.98	63.28	1
	224.95	108.62	52.66	1
	271.84	94.36	73.11	1
	113.20	35.05	99.53	1
	271.45	91.22	70.85	1
	244.46	20.98	28.49	1
	270.36	93.12	75.14	1
	181.30	65.11	85.35	1
	192.63	106.23	63.44	1
	205.23	40.64	84.82	1
	203.68	54.69	95.90	1
	188.83	65.24	94.54	1
	188.12	68.76	5.69	1
	310.12	78.24	242.26	1
	292.56	97.26	221.73	1
	302.85	135.00	180.00	1
	273.51	97.31	227.99	1
	341.83	129.25	283.82	1
	350.20	114.00	199.67	1
	312.78	139.37	199.71	1
	250.19	143.50	188.53	1
	320.84	121.47	217.74	1
	224.79	137.61	182.15	1
	283.27	168.86	197.53	1
	268.96	86.87	250.60	1
	328.40	140.31	178.23	1
	309.63	78.46	242.17	1
	294.92	138.13	176.36	1
	291.97	98.40	220.38	1
	19.35	129.41	267.51	1
	304.70	81.73	238.21	1
	12.77	148.48	286.76	1
	19.51	136.90	287.65	1
	316.00	134.63	180.10	1
	6.44	131.16	282.17	1
	0.98	104.04	268.14	1
	353.60	149.70	271.01	1
	344.16	131.82	273.80	1
	317.36	124.46	195.33	1
	270.96	110.51	185.40	1
	267.44	83.74	263.78	1
	268.72	89.20	217.05	1
	282.25	89.33	229.63	1
	351.29	91.13	242.39	1
	323.72	120.77	199.80	1
	313.03	112.67	209.51	1
	310.08	78.94	241.11	1
	2.17	147.63	274.48	1
	311.41	116.93	197.98	1
	261.46	152.78	193.52	1
	1.37	129.85	268.16	1
	298.59	139.24	176.68	1
	309.44	82.64	235.48	1
	349.33	137.64	267.41	1
	276.87	103.36	207.27	1
	256.20	113.31	249.50	1
	351.87	138.54	267.68	1
	21.72	132.16	269.04	1
	310.18	78.98	241.23	1
	359.30	97.38	261.94	1
	286.56	151.76	246.71	1
	275.34	103.22	197.03	1
	353.18	116.45	179.34	1
	1.07	110.10	273.40	1
	317.46	73.89	246.94	1
	284.45	89.57	227.62	1
	317.65	122.69	221.50	1
	282.53	153.83	235.53	1
	342.54	133.73	179.08	1
	311.13	78.77	241.39	1
	330.53	129.30	286.23	1
	342.71	132.77	181.46	1
	1.62	149.61	180.43	1
	4.14	143.68	271.38	1
	6.39	128.82	190.85	1
	340.73	132.70	180.24	1
	284.27	153.48	238.01	1
	61.47	161.92	334.79	1
	319.23	137.34	204.44	1
	265.20	152.50	221.19	1
	357.30	155.19	267.36	1
	328.14	129.73	201.43	1
	0.82	129.98	195.75	1
	264.36	92.19	200.38	1
	334.64	134.17	195.32	1
	286.87	89.27	228.78	1
	266.99	88.25	244.26	1
	345.48	92.57	254.65	1
	351.62	154.65	265.88	1
	358.98	129.81	270.08	1
	40.95	149.47	313.02	1
	2.22	149.76	274.78	1
	233.23	153.38	114.78	1
	284.78	101.07	217.91	1
	298.23	137.27	178.26	1
	291.92	95.43	221.86	1
	18.79	159.63	287.89	1
	297.05	91.87	225.09	1
	304.79	83.45	234.89	1
	307.55	167.32	226.15	1
	309.00	135.27	268.56	1
	15.22	129.13	268.60	1
	281.91	106.28	211.06	1
	273.31	152.17	232.86	1
	332.84	136.33	178.31	1
	303.07	145.95	261.70	1
	272.26	90.76	216.66	1
	0.85	109.50	274.09	1
	289.38	95.26	220.12	1
	343.66	130.07	192.42	1
	321.29	129.28	193.15	1
	272.22	102.96	192.17	1
	357.87	119.97	265.69	1
	287.13	101.22	221.35	1
	313.12	119.07	222.13	1
	26.45	122.39	262.22	1
	8.78	139.01	274.98	1
	273.88	106.70	194.32	1
	319.58	132.45	214.44	1
	307.55	103.75	213.68	1
	9.81	147.93	285.36	1
	51.51	158.17	226.94	1
	24.96	140.81	285.05	1
	9.55	131.10	279.26	1
	308.14	82.45	236.88	1
	349.71	155.64	264.21	1
	311.02	77.69	242.90	1
	271.51	85.42	250.65	1
	282.95	148.57	161.98	1
	274.35	89.61	243.87	1
	303.82	162.64	227.38	1
	269.10	91.53	254.44	1
	1.80	113.21	265.92	1
	320.47	69.09	252.12	1
	336.68	140.31	268.68	1
	347.87	125.49	274.55	1
	353.31	94.40	265.09	1
	359.92	108.18	182.91	1
	133.04	62.73	228.63	1
	118.42	95.48	214.16	1
	80.35	128.91	134.07	1
	93.08	89.90	227.96	1
	142.94	127.21	272.83	1
	137.29	111.47	195.48	1
	107.43	127.95	162.06	1
	98.03	135.93	223.86	1
	135.82	106.51	202.53	1
	82.07	146.29	219.76	1
	302.89	167.47	41.55	1
	93.52	76.81	252.91	1
	145.51	135.65	176.40	1
	129.26	68.54	242.92	1
	112.29	130.91	162.71	1
	83.26	113.16	177.82	1
	196.00	133.69	270.47	1
	123.21	124.19	277.17	1
	175.53	146.19	263.49	1
	189.72	138.75	270.66	1
	142.82	133.24	180.65	1
	177.07	133.71	272.18	1
	172.99	111.80	247.55	1
	177.41	151.46	267.90	1
	151.60	131.51	270.93	1
	130.02	116.36	193.70	1
	97.17	95.76	200.50	1
	90.34	82.18	261.47	1
	91.57	91.82	217.14	1
	98.55	83.20	228.70	1
	167.60	77.91	235.15	1
	122.81	123.87	187.49	1
	133.53	104.40	204.80	1
	132.93	63.25	228.31	1
	170.33	148.25	261.75	1
	121.76	126.42	185.87	1
	121.40	149.18	221.62	1
	179.70	129.85	270.67	1
	119.34	139.19	170.73	1
	132.00	77.76	235.48	1
	169.98	136.72	268.82	1
	90.79	89.44	203.66	1
	124.37	121.50	280.21	1
	167.60	137.10	256.40	1
	198.23	132.92	266.50	1
	133.96	62.79	228.58	1
	179.89	104.28	253.69	1
	131.91	133.54	270.57	1
	90.74	88.43	193.13	1
	161.61	121.83	182.13	1
	171.23	115.27	268.45	1
	137.78	127.95	273.00	1
	103.84	88.12	226.99	1
	130.82	102.45	206.75	1
	134.07	144.33	239.96	1
	161.03	132.26	180.48	1
	136.23	128.82	272.76	1
	135.93	128.71	272.84	1
	155.24	129.66	181.25	1
	184.99	148.15	182.83	1
	179.52	144.23	271.02	1
	167.72	129.24	180.49	1
	156.14	131.64	180.74	1
	137.54	140.28	247.48	1
	160.85	166.43	248.79	1
	121.69	129.32	183.88	1
	93.85	128.32	231.78	1
	185.40	156.33	275.41	1
	131.99	114.12	195.57	1
	161.47	128.68	170.33	1
	87.75	91.56	197.03	1
	210.82	86.08	219.89	1
	97.66	85.93	233.30	1
	83.03	89.51	244.36	1
	142.59	129.17	272.13	1
	188.06	155.76	272.35	1
	178.37	129.14	271.71	1
	187.78	162.68	281.82	1
	176.89	148.95	266.46	1
	201.03	165.76	287.09	1
	109.22	92.60	216.76	1
	104.55	137.16	237.04	1
	115.99	94.20	216.81	1
	195.26	163.35	285.95	1
	117.58	93.85	218.72	1
	124.97	73.81	226.77	1
	145.97	146.66	248.88	1
	125.82	132.82	271.35	1
	181.64	130.23	263.08	1
	121.05	97.44	209.35	1
	92.00	129.04	239.38	1
	152.60	133.92	172.03	1
	167.12	157.88	262.53	1
	92.65	91.48	218.41	1
	177.70	112.37	266.32	1
	112.82	93.40	216.89	1
	157.28	125.81	181.86	1
	127.98	119.65	190.26	1
	110.55	102.20	201.92	1
	173.64	118.47	261.63	1
	114.49	93.96	216.10	1
	128.59	100.66	209.13	1
	189.38	130.01	255.53	1
	186.61	139.00	270.19	1
	90.03	96.14	188.48	1
	124.09	122.52	189.19	1
	75.52	145.73	214.36	1
	180.80	147.87	272.83	1
	149.74	169.69	149.14	1
	206.25	141.59	274.90	1
	177.56	132.21	272.03	1
	131.84	123.79	275.54	1
	171.86	156.22	261.72	1
	132.74	75.83	241.00	1
	94.16	68.65	245.45	1
	245.57	150.99	297.28	1
	89.43	91.37	247.44	1
	200.00	171.57	287.29	1
	95.82	78.72	252.44	1
	176.17	115.98	266.33	1
	166.33	102.89	260.92	1
	152.84	137.72	252.77	1
	158.82	127.93	271.48	1
	178.75	103.52	265.59	1
	165.20	106.51	190.59	1
