This file is created for TexTools software, Resmat Corp 
ODF file name: solodf.HODF 

B	500	0 
	46.28	104.71	65.62	1
	52.70	80.25	30.27	1
	61.80	39.69	10.86	1
	99.04	89.65	46.07	1
	34.17	63.15	103.44	1
	39.64	69.09	18.33	1
	61.55	39.29	18.74	1
	63.02	37.95	12.68	1
	43.12	72.46	21.48	1
	134.03	36.31	10.64	1
	9.76	18.76	76.27	1
	95.20	86.19	74.49	1
	57.82	30.66	338.27	1
	46.52	104.51	65.39	1
	54.68	31.79	341.03	1
	46.64	73.65	22.01	1
	330.98	57.14	80.95	1
	39.62	69.04	108.29	1
	41.76	17.13	40.26	1
	1.53	44.05	89.97	1
	33.35	62.17	12.72	1
	15.40	47.26	91.68	1
	330.08	58.46	80.14	1
	24.39	39.89	86.65	1
	31.20	59.65	100.86	1
	39.23	68.66	17.95	1
	95.63	94.61	18.38	1
	134.53	74.50	66.53	1
	102.97	90.89	42.22	1
	73.58	91.31	47.78	1
	11.90	81.50	55.93	1
	38.74	68.15	17.51	1
	44.48	73.71	22.73	1
	46.77	104.29	65.14	1
	357.33	41.20	90.08	1
	36.34	45.00	0.00	1
	80.17	27.62	52.21	1
	345.32	47.72	88.36	1
	63.47	29.60	334.42	1
	49.41	101.89	62.28	1
	43.79	34.50	77.28	1
	91.02	90.09	36.18	1
	82.90	54.82	79.01	1
	26.66	42.24	88.35	1
	330.54	57.56	80.61	1
	46.64	104.40	65.27	1
	356.16	70.37	89.53	1
	70.49	28.53	59.34	1
	121.96	96.92	33.07	1
	31.12	59.71	10.82	1
	358.30	53.49	90.34	1
	43.73	106.96	67.95	1
	61.89	91.37	47.65	1
	46.19	75.21	24.30	1
	80.89	27.61	51.73	1
	29.72	57.86	9.61	1
	48.31	102.85	63.46	1
	34.80	63.86	103.99	1
	31.88	60.47	11.45	1
	0.57	41.23	0.08	1
	19.51	41.29	87.52	1
	23.14	48.82	2.22	1
	30.59	58.92	10.34	1
	80.52	27.63	52.01	1
	89.64	15.62	329.86	1
	37.38	66.71	16.29	1
	98.31	27.58	38.84	1
	47.31	33.23	75.06	1
	40.35	69.79	18.96	1
	26.78	54.75	7.32	1
	94.87	89.65	23.29	1
	343.34	78.68	40.14	1
	104.16	88.89	48.40	1
	91.92	90.16	52.62	1
	31.93	60.63	101.51	1
	316.29	34.17	102.85	1
	8.49	46.57	90.53	1
	330.89	21.57	108.77	1
	351.95	41.54	90.62	1
	99.64	27.61	307.93	1
	92.69	90.06	41.56	1
	65.84	35.23	12.12	1
	53.32	80.67	30.83	1
	49.00	32.75	74.00	1
	53.79	81.14	31.57	1
	50.55	101.13	61.40	1
	43.87	16.66	39.09	1
	44.32	36.21	79.44	1
	339.57	49.41	87.62	1
	124.76	98.22	32.04	1
	89.32	27.37	45.50	1
	33.47	45.44	0.40	1
	81.40	27.58	51.37	1
	80.49	89.50	42.71	1
	328.79	59.78	79.10	1
	57.80	83.38	34.47	1
	33.05	61.85	12.46	1
	39.64	69.07	18.32	1
	87.39	90.16	348.81	1
	350.78	48.60	89.17	1
	54.95	81.69	32.11	1
	47.21	76.07	25.24	1
	330.25	58.15	80.31	1
	5.33	43.93	89.80	1
	134.38	105.41	23.53	1
	40.70	70.14	19.28	1
	108.57	28.46	31.25	1
	354.59	41.68	90.32	1
	315.14	33.80	13.54	1
	339.13	40.97	92.84	1
	358.80	45.64	89.98	1
	35.65	64.62	104.63	1
	357.78	35.69	89.70	1
	45.93	105.02	65.94	1
	94.74	86.42	69.93	1
	86.23	27.41	317.80	1
	82.14	78.24	79.11	1
	324.82	35.21	98.96	1
	134.51	74.37	66.76	1
	4.24	59.96	89.76	1
	41.27	109.29	70.20	1
	48.40	33.05	74.46	1
	28.58	56.81	98.74	1
	27.80	95.05	77.87	1
	30.04	58.60	9.96	1
	226.28	104.71	65.62	1
	232.70	80.25	30.27	1
	241.80	39.69	10.86	1
	279.04	89.65	46.07	1
	214.17	63.15	103.44	1
	219.64	69.09	18.33	1
	241.55	39.29	18.74	1
	243.02	37.95	12.68	1
	223.12	72.46	21.48	1
	314.03	36.31	10.64	1
	189.76	18.76	76.27	1
	275.20	86.19	74.49	1
	237.82	30.66	338.27	1
	226.52	104.51	65.39	1
	234.68	31.79	341.03	1
	226.64	73.65	22.01	1
	150.98	57.14	80.95	1
	219.62	69.04	108.29	1
	221.76	17.13	40.26	1
	181.53	44.05	89.97	1
	213.35	62.17	12.72	1
	195.40	47.26	91.68	1
	150.08	58.46	80.14	1
	204.39	39.89	86.65	1
	211.20	59.65	100.86	1
	219.23	68.66	17.95	1
	275.63	94.61	18.38	1
	314.53	74.50	66.53	1
	282.97	90.89	42.22	1
	253.58	91.31	47.78	1
	191.90	81.50	55.93	1
	218.74	68.15	17.51	1
	224.48	73.71	22.73	1
	226.77	104.29	65.14	1
	177.33	41.20	90.08	1
	216.34	45.00	0.00	1
	260.17	27.62	52.21	1
	165.32	47.72	88.36	1
	243.47	29.60	334.42	1
	229.41	101.89	62.28	1
	223.79	34.50	77.28	1
	271.02	90.09	36.18	1
	262.90	54.82	79.01	1
	206.66	42.24	88.35	1
	150.54	57.56	80.61	1
	226.64	104.40	65.27	1
	176.16	70.37	89.53	1
	250.49	28.53	59.34	1
	301.96	96.92	33.07	1
	211.12	59.71	10.82	1
	178.30	53.49	90.34	1
	223.73	106.96	67.95	1
	241.89	91.37	47.65	1
	226.19	75.21	24.30	1
	260.89	27.61	51.73	1
	209.72	57.86	9.61	1
	228.31	102.85	63.46	1
	214.80	63.86	103.99	1
	211.88	60.47	11.45	1
	180.57	41.23	0.08	1
	199.51	41.29	87.52	1
	203.14	48.82	2.22	1
	210.59	58.92	10.34	1
	260.52	27.63	52.01	1
	269.64	15.62	329.86	1
	217.38	66.71	16.29	1
	278.31	27.58	38.84	1
	227.31	33.23	75.06	1
	220.35	69.79	18.96	1
	206.78	54.75	7.32	1
	274.87	89.65	23.29	1
	163.34	78.68	40.14	1
	284.16	88.89	48.40	1
	271.92	90.16	52.62	1
	211.93	60.63	101.51	1
	136.29	34.17	102.85	1
	188.49	46.57	90.53	1
	150.89	21.57	108.77	1
	171.95	41.54	90.62	1
	279.64	27.61	307.93	1
	272.69	90.06	41.56	1
	245.84	35.23	12.12	1
	233.32	80.67	30.83	1
	229.00	32.75	74.00	1
	233.79	81.14	31.57	1
	230.55	101.13	61.40	1
	223.87	16.66	39.09	1
	224.32	36.21	79.44	1
	159.57	49.41	87.62	1
	304.76	98.22	32.04	1
	269.32	27.37	45.50	1
	213.47	45.44	0.40	1
	261.40	27.58	51.37	1
	260.49	89.50	42.71	1
	148.79	59.78	79.10	1
	237.80	83.38	34.47	1
	213.05	61.85	12.46	1
	219.64	69.07	18.32	1
	267.39	90.16	348.81	1
	170.78	48.60	89.17	1
	234.95	81.69	32.11	1
	227.21	76.07	25.24	1
	150.25	58.15	80.31	1
	185.33	43.93	89.80	1
	314.38	105.41	23.53	1
	220.70	70.14	19.28	1
	288.57	28.46	31.25	1
	174.59	41.68	90.32	1
	135.14	33.80	13.54	1
	159.13	40.97	92.84	1
	178.80	45.64	89.98	1
	215.65	64.62	104.63	1
	177.78	35.69	89.70	1
	225.93	105.02	65.94	1
	274.74	86.42	69.93	1
	266.23	27.41	317.80	1
	262.14	78.24	79.11	1
	144.82	35.21	98.96	1
	314.51	74.37	66.76	1
	184.24	59.96	89.76	1
	221.27	109.29	70.20	1
	228.40	33.05	74.46	1
	208.58	56.81	98.74	1
	207.80	95.05	77.87	1
	210.04	58.60	9.96	1
	313.72	75.29	245.62	1
	307.30	99.75	210.27	1
	298.20	140.31	190.86	1
	260.96	90.35	226.07	1
	325.83	116.85	283.44	1
	320.36	110.91	198.33	1
	298.45	140.71	198.74	1
	296.98	142.05	192.68	1
	316.88	107.54	201.48	1
	225.97	143.69	190.64	1
	350.24	161.24	256.27	1
	264.80	93.81	254.49	1
	302.18	149.34	158.27	1
	313.48	75.49	245.39	1
	305.32	148.21	161.03	1
	313.36	106.35	202.01	1
	29.02	122.86	260.95	1
	320.38	110.96	288.29	1
	318.24	162.87	220.26	1
	358.47	135.95	269.97	1
	326.65	117.83	192.72	1
	344.60	132.74	271.68	1
	29.92	121.54	260.14	1
	335.61	140.11	266.65	1
	328.80	120.35	280.86	1
	320.77	111.34	197.95	1
	264.37	85.39	198.38	1
	225.47	105.50	246.53	1
	257.03	89.11	222.22	1
	286.42	88.69	227.78	1
	348.10	98.50	235.93	1
	321.26	111.85	197.51	1
	315.52	106.29	202.73	1
	313.23	75.71	245.14	1
	2.67	138.80	270.08	1
	323.66	135.00	180.00	1
	279.83	152.38	232.21	1
	14.68	132.28	268.36	1
	296.53	150.40	154.42	1
	310.59	78.11	242.28	1
	316.21	145.50	257.28	1
	268.98	89.91	216.18	1
	277.10	125.18	259.01	1
	333.34	137.76	268.35	1
	29.46	122.44	260.61	1
	313.36	75.60	245.27	1
	3.84	109.63	269.53	1
	289.51	151.47	239.34	1
	238.04	83.08	213.07	1
	328.88	120.29	190.82	1
	1.70	126.51	270.34	1
	316.27	73.04	247.95	1
	298.11	88.63	227.65	1
	313.81	104.79	204.30	1
	279.11	152.39	231.73	1
	330.28	122.14	189.61	1
	311.69	77.15	243.46	1
	325.20	116.14	283.99	1
	328.12	119.53	191.45	1
	359.43	138.77	180.08	1
	340.49	138.71	267.52	1
	336.86	131.18	182.22	1
	329.41	121.08	190.34	1
	279.48	152.37	232.01	1
	270.36	164.38	149.86	1
	322.62	113.29	196.29	1
	261.69	152.42	218.84	1
	312.69	146.77	255.06	1
	319.65	110.21	198.96	1
	333.22	125.25	187.32	1
	265.13	90.35	203.29	1
	16.66	101.32	220.14	1
	255.84	91.11	228.40	1
	268.08	89.84	232.62	1
	328.07	119.37	281.51	1
	43.71	145.83	282.85	1
	351.51	133.43	270.53	1
	29.11	158.43	288.77	1
	8.05	138.46	270.62	1
	260.36	152.39	127.93	1
	267.31	89.94	221.56	1
	294.16	144.77	192.12	1
	306.68	99.33	210.83	1
	311.00	147.25	254.00	1
	306.21	98.86	211.57	1
	309.45	78.87	241.40	1
	316.13	163.34	219.09	1
	315.68	143.79	259.44	1
	20.43	130.59	267.62	1
	235.24	81.78	212.04	1
	270.68	152.63	225.50	1
	326.53	134.56	180.40	1
	278.60	152.42	231.37	1
	279.51	90.50	222.71	1
	31.21	120.22	259.10	1
	302.20	96.62	214.47	1
	326.95	118.15	192.46	1
	320.36	110.93	198.32	1
	272.61	89.84	168.81	1
	9.22	131.40	269.17	1
	305.05	98.31	212.11	1
	312.79	103.93	205.24	1
	29.75	121.85	260.31	1
	354.67	136.07	269.80	1
	225.62	74.59	203.53	1
	319.30	109.86	199.28	1
	251.43	151.54	211.25	1
	5.41	138.32	270.32	1
	44.86	146.20	193.54	1
	20.87	139.03	272.84	1
	1.20	134.36	269.98	1
	324.35	115.38	284.63	1
	2.22	144.31	269.70	1
	314.07	74.98	245.94	1
	265.26	93.58	249.93	1
	273.77	152.59	137.80	1
	277.86	101.76	259.11	1
	35.18	144.79	278.96	1
	225.49	105.63	246.76	1
	355.76	120.04	269.76	1
	318.73	70.71	250.20	1
	311.60	146.95	254.46	1
	331.42	123.19	278.74	1
	332.20	84.95	257.87	1
	329.96	121.40	189.96	1
	133.72	75.29	245.62	1
	127.30	99.75	210.27	1
	118.20	140.31	190.86	1
	80.96	90.35	226.07	1
	145.83	116.85	283.44	1
	140.36	110.91	198.33	1
	118.45	140.71	198.74	1
	116.98	142.05	192.68	1
	136.88	107.54	201.48	1
	45.97	143.69	190.64	1
	170.24	161.24	256.27	1
	84.80	93.81	254.49	1
	122.18	149.34	158.27	1
	133.48	75.49	245.39	1
	125.32	148.21	161.03	1
	133.36	106.35	202.01	1
	209.02	122.86	260.95	1
	140.38	110.96	288.29	1
	138.24	162.87	220.26	1
	178.47	135.95	269.97	1
	146.65	117.83	192.72	1
	164.60	132.74	271.68	1
	209.92	121.54	260.14	1
	155.61	140.11	266.65	1
	148.80	120.35	280.86	1
	140.77	111.34	197.95	1
	84.37	85.39	198.38	1
	45.47	105.50	246.53	1
	77.03	89.11	222.22	1
	106.42	88.69	227.78	1
	168.10	98.50	235.93	1
	141.26	111.85	197.51	1
	135.52	106.29	202.73	1
	133.23	75.71	245.14	1
	182.67	138.80	270.08	1
	143.66	135.00	180.00	1
	99.83	152.38	232.21	1
	194.68	132.28	268.36	1
	116.53	150.40	154.42	1
	130.59	78.11	242.28	1
	136.21	145.50	257.28	1
	88.98	89.91	216.18	1
	97.10	125.18	259.01	1
	153.34	137.76	268.35	1
	209.46	122.44	260.61	1
	133.36	75.60	245.27	1
	183.84	109.63	269.53	1
	109.51	151.47	239.34	1
	58.04	83.08	213.07	1
	148.88	120.29	190.82	1
	181.70	126.51	270.34	1
	136.27	73.04	247.95	1
	118.11	88.63	227.65	1
	133.81	104.79	204.30	1
	99.11	152.39	231.73	1
	150.28	122.14	189.61	1
	131.69	77.15	243.46	1
	145.20	116.14	283.99	1
	148.12	119.53	191.45	1
	179.43	138.77	180.08	1
	160.49	138.71	267.52	1
	156.86	131.18	182.22	1
	149.41	121.08	190.34	1
	99.48	152.37	232.01	1
	90.36	164.38	149.86	1
	142.62	113.29	196.29	1
	81.69	152.42	218.84	1
	132.69	146.77	255.06	1
	139.65	110.21	198.96	1
	153.22	125.25	187.32	1
	85.13	90.35	203.29	1
	196.66	101.32	220.14	1
	75.84	91.11	228.40	1
	88.08	89.84	232.62	1
	148.07	119.37	281.51	1
	223.71	145.83	282.85	1
	171.51	133.43	270.53	1
	209.11	158.43	288.77	1
	188.05	138.46	270.62	1
	80.36	152.39	127.93	1
	87.31	89.94	221.56	1
	114.16	144.77	192.12	1
	126.68	99.33	210.83	1
	131.00	147.25	254.00	1
	126.21	98.86	211.57	1
	129.45	78.87	241.40	1
	136.13	163.34	219.09	1
	135.68	143.79	259.44	1
	200.43	130.59	267.62	1
	55.24	81.78	212.04	1
	90.68	152.63	225.50	1
	146.53	134.56	180.40	1
	98.60	152.42	231.37	1
	99.51	90.50	222.71	1
	211.21	120.22	259.10	1
	122.20	96.62	214.47	1
	146.95	118.15	192.46	1
	140.36	110.93	198.32	1
	92.61	89.84	168.81	1
	189.22	131.40	269.17	1
	125.05	98.31	212.11	1
	132.79	103.93	205.24	1
	209.75	121.85	260.31	1
	174.67	136.07	269.80	1
	45.62	74.59	203.53	1
	139.30	109.86	199.28	1
	71.43	151.54	211.25	1
	185.41	138.32	270.32	1
	224.86	146.20	193.54	1
	200.87	139.03	272.84	1
	181.20	134.36	269.98	1
	144.35	115.38	284.63	1
	182.22	144.31	269.70	1
	134.07	74.98	245.94	1
	85.26	93.58	249.93	1
	93.77	152.59	137.80	1
	97.86	101.76	259.11	1
	215.18	144.79	278.96	1
	45.49	105.63	246.76	1
	175.76	120.04	269.76	1
	138.73	70.71	250.20	1
	131.60	146.95	254.46	1
	151.42	123.19	278.74	1
	152.20	84.95	257.87	1
	149.96	121.40	189.96	1
