This file is created for TexTools software, Resmat Corp 
ODF file name: solodf.HODF 

B	500	0 
	44.97	105.85	66.82	1
	49.53	77.93	27.39	1
	62.15	38.15	14.23	1
	107.25	88.66	47.34	1
	36.16	65.38	105.20	1
	40.18	69.63	18.81	1
	63.19	37.13	11.07	1
	59.51	41.42	15.23	1
	42.70	72.07	21.10	1
	126.65	32.35	17.74	1
	3.19	27.90	91.40	1
	85.31	91.17	66.05	1
	65.94	29.16	332.61	1
	45.14	105.70	66.66	1
	63.14	29.67	334.68	1
	44.17	73.39	22.38	1
	327.66	60.99	78.16	1
	40.16	69.60	108.79	1
	49.44	17.03	31.84	1
	3.79	44.60	89.92	1
	35.54	64.69	14.65	1
	25.18	45.92	90.27	1
	326.94	61.86	77.53	1
	36.14	37.59	81.78	1
	33.95	62.87	103.24	1
	39.88	69.32	18.54	1
	88.36	87.75	27.14	1
	135.67	73.57	67.41	1
	112.18	90.61	42.52	1
	64.60	90.71	47.17	1
	19.75	84.27	52.65	1
	39.52	68.95	18.21	1
	43.68	72.99	22.00	1
	45.33	105.54	66.49	1
	353.43	43.50	90.32	1
	35.63	45.00	0.00	1
	82.84	27.52	50.30	1
	335.26	46.35	89.88	1
	70.35	28.55	329.45	1
	47.38	103.76	64.55	1
	54.35	31.47	70.62	1
	90.95	89.97	41.52	1
	76.61	55.23	83.71	1
	33.94	41.42	86.37	1
	327.35	61.34	77.90	1
	45.24	105.62	66.58	1
	3.32	58.58	89.62	1
	75.71	27.98	55.55	1
	127.20	99.71	30.27	1
	33.92	62.84	13.22	1
	357.81	48.30	89.95	1
	43.14	107.51	68.49	1
	57.40	93.50	50.20	1
	44.90	74.09	23.12	1
	83.38	27.50	49.90	1
	32.84	61.57	12.27	1
	46.54	104.48	65.36	1
	36.62	65.89	105.61	1
	34.45	63.45	13.69	1
	1.37	43.63	359.98	1
	27.14	43.06	89.01	1
	27.68	51.30	5.26	1
	33.49	62.34	12.84	1
	83.12	27.51	50.10	1
	97.28	27.21	310.20	1
	38.53	67.93	17.32	1
	96.03	27.48	40.53	1
	57.36	30.76	68.58	1
	40.69	70.13	19.27	1
	30.73	59.07	10.46	1
	90.18	89.33	34.27	1
	347.34	82.12	34.16	1
	113.46	89.09	47.82	1
	93.83	89.88	47.87	1
	34.52	63.53	103.74	1
	305.69	31.46	109.37	1
	15.81	47.45	91.80	1
	328.04	34.81	97.93	1
	343.37	42.39	91.70	1
	97.03	27.51	309.79	1
	96.50	90.22	43.61	1
	62.54	38.71	15.78	1
	49.97	78.27	27.80	1
	58.77	30.45	67.62	1
	50.41	78.63	28.25	1
	48.13	103.16	63.88	1
	63.75	17.43	19.12	1
	52.63	32.40	72.52	1
	333.40	50.49	85.49	1
	128.82	100.84	28.89	1
	89.51	27.37	45.36	1
	34.02	46.06	1.03	1
	83.75	27.48	49.63	1
	72.03	88.46	42.10	1
	326.02	62.91	76.73	1
	53.03	80.49	30.60	1
	35.33	64.45	14.46	1
	40.18	69.62	18.80	1
	91.40	93.61	343.76	1
	343.07	48.43	87.72	1
	51.06	79.09	28.80	1
	45.63	74.73	23.79	1
	327.09	61.67	77.66	1
	11.78	43.87	89.25	1
	135.59	106.35	22.66	1
	40.95	70.39	19.51	1
	103.59	27.93	34.96	1
	347.96	43.13	90.91	1
	304.71	31.22	20.03	1
	331.53	42.56	91.67	1
	357.02	45.27	89.95	1
	37.18	66.48	106.10	1
	355.13	41.43	90.28	1
	44.72	106.08	67.05	1
	88.84	91.46	59.52	1
	87.27	27.39	317.03	1
	97.47	70.61	81.41	1
	312.97	33.30	104.77	1
	135.75	73.50	67.49	1
	5.56	51.28	90.37	1
	41.37	109.20	70.12	1
	58.25	30.57	67.98	1
	32.05	60.66	101.59	1
	38.97	110.04	71.56	1
	33.15	61.96	12.55	1
	224.97	105.85	66.82	1
	229.53	77.93	27.39	1
	242.15	38.15	14.23	1
	287.25	88.66	47.34	1
	216.16	65.38	105.20	1
	220.18	69.63	18.81	1
	243.19	37.13	11.07	1
	239.51	41.42	15.23	1
	222.70	72.07	21.10	1
	306.65	32.35	17.74	1
	183.19	27.90	91.40	1
	265.31	91.17	66.05	1
	245.94	29.16	332.61	1
	225.14	105.70	66.66	1
	243.14	29.67	334.68	1
	224.17	73.39	22.38	1
	147.66	60.99	78.16	1
	220.16	69.60	108.79	1
	229.44	17.03	31.84	1
	183.79	44.60	89.92	1
	215.54	64.69	14.65	1
	205.18	45.92	90.27	1
	146.94	61.86	77.53	1
	216.14	37.59	81.78	1
	213.95	62.87	103.24	1
	219.88	69.32	18.54	1
	268.36	87.75	27.14	1
	315.67	73.57	67.41	1
	292.18	90.61	42.52	1
	244.60	90.71	47.17	1
	199.75	84.27	52.65	1
	219.52	68.95	18.21	1
	223.68	72.99	22.00	1
	225.33	105.54	66.49	1
	173.43	43.50	90.32	1
	215.63	45.00	0.00	1
	262.84	27.52	50.30	1
	155.26	46.35	89.88	1
	250.35	28.55	329.45	1
	227.38	103.76	64.55	1
	234.35	31.47	70.62	1
	270.95	89.97	41.52	1
	256.61	55.23	83.71	1
	213.94	41.42	86.37	1
	147.35	61.34	77.90	1
	225.24	105.62	66.58	1
	183.32	58.58	89.62	1
	255.71	27.98	55.55	1
	307.20	99.71	30.27	1
	213.92	62.84	13.22	1
	177.81	48.30	89.95	1
	223.14	107.51	68.49	1
	237.40	93.50	50.20	1
	224.90	74.09	23.12	1
	263.38	27.50	49.90	1
	212.84	61.57	12.27	1
	226.54	104.48	65.36	1
	216.62	65.89	105.61	1
	214.45	63.45	13.69	1
	181.37	43.63	359.98	1
	207.14	43.06	89.01	1
	207.68	51.30	5.26	1
	213.49	62.34	12.84	1
	263.12	27.51	50.10	1
	277.28	27.21	310.20	1
	218.53	67.93	17.32	1
	276.03	27.48	40.53	1
	237.36	30.76	68.58	1
	220.69	70.13	19.27	1
	210.73	59.07	10.46	1
	270.18	89.33	34.27	1
	167.34	82.12	34.16	1
	293.46	89.09	47.82	1
	273.83	89.88	47.87	1
	214.52	63.53	103.74	1
	125.69	31.46	109.37	1
	195.81	47.45	91.80	1
	148.04	34.81	97.93	1
	163.37	42.39	91.70	1
	277.03	27.51	309.79	1
	276.50	90.22	43.61	1
	242.54	38.71	15.78	1
	229.97	78.27	27.80	1
	238.77	30.45	67.62	1
	230.41	78.63	28.25	1
	228.13	103.16	63.88	1
	243.75	17.43	19.12	1
	232.63	32.40	72.52	1
	153.40	50.49	85.49	1
	308.82	100.84	28.89	1
	269.51	27.37	45.36	1
	214.02	46.06	1.03	1
	263.75	27.48	49.63	1
	252.03	88.46	42.10	1
	146.02	62.91	76.73	1
	233.03	80.49	30.60	1
	215.33	64.45	14.46	1
	220.18	69.62	18.80	1
	271.40	93.61	343.76	1
	163.07	48.43	87.72	1
	231.06	79.09	28.80	1
	225.63	74.73	23.79	1
	147.09	61.67	77.66	1
	191.78	43.87	89.25	1
	315.59	106.35	22.66	1
	220.95	70.39	19.51	1
	283.59	27.93	34.96	1
	167.96	43.13	90.91	1
	124.71	31.22	20.03	1
	151.53	42.56	91.67	1
	177.02	45.27	89.95	1
	217.18	66.48	106.10	1
	175.13	41.43	90.28	1
	224.72	106.08	67.05	1
	268.84	91.46	59.52	1
	267.27	27.39	317.03	1
	277.47	70.61	81.41	1
	132.97	33.30	104.77	1
	315.75	73.50	67.49	1
	185.56	51.28	90.37	1
	221.37	109.20	70.12	1
	238.25	30.57	67.98	1
	212.05	60.66	101.59	1
	218.97	110.04	71.56	1
	213.15	61.96	12.55	1
	315.03	74.15	246.82	1
	310.47	102.07	207.39	1
	297.85	141.85	194.23	1
	252.75	91.34	227.34	1
	323.84	114.62	285.20	1
	319.82	110.37	198.81	1
	296.81	142.87	191.07	1
	300.49	138.58	195.23	1
	317.30	107.93	201.10	1
	233.35	147.65	197.74	1
	356.81	152.10	271.40	1
	274.69	88.83	246.05	1
	294.06	150.84	152.61	1
	314.86	74.30	246.66	1
	296.86	150.33	154.68	1
	315.83	106.61	202.38	1
	32.34	119.01	258.16	1
	319.84	110.40	288.79	1
	310.56	162.97	211.84	1
	356.21	135.40	269.92	1
	324.46	115.31	194.65	1
	334.82	134.08	270.27	1
	33.06	118.14	257.53	1
	323.86	142.41	261.78	1
	326.05	117.13	283.24	1
	320.12	110.68	198.54	1
	271.64	92.25	207.14	1
	224.33	106.43	247.41	1
	247.82	89.39	222.52	1
	295.40	89.29	227.17	1
	340.25	95.73	232.65	1
	320.48	111.05	198.21	1
	316.32	107.01	202.00	1
	314.67	74.46	246.49	1
	6.57	136.50	270.32	1
	324.37	135.00	180.00	1
	277.16	152.48	230.30	1
	24.74	133.65	269.88	1
	289.65	151.45	149.45	1
	312.62	76.24	244.55	1
	305.65	148.53	250.62	1
	269.05	90.03	221.52	1
	283.39	124.77	263.71	1
	326.06	138.58	266.37	1
	32.65	118.66	257.90	1
	314.76	74.38	246.58	1
	356.68	121.42	269.62	1
	284.29	152.02	235.55	1
	232.80	80.29	210.27	1
	326.08	117.16	193.22	1
	2.19	131.70	269.95	1
	316.86	72.49	248.49	1
	302.60	86.50	230.20	1
	315.10	105.91	203.12	1
	276.62	152.50	229.90	1
	327.16	118.43	192.27	1
	313.46	75.52	245.36	1
	323.38	114.11	285.61	1
	325.55	116.55	193.69	1
	358.63	136.37	179.98	1
	332.86	136.94	269.01	1
	332.32	128.70	185.26	1
	326.51	117.66	192.84	1
	276.88	152.49	230.10	1
	262.72	152.79	130.20	1
	321.47	112.07	197.32	1
	263.97	152.52	220.53	1
	302.64	149.24	248.58	1
	319.31	109.87	199.27	1
	329.27	120.93	190.46	1
	269.82	90.67	214.27	1
	12.66	97.88	214.16	1
	246.54	90.91	227.82	1
	266.17	90.12	227.87	1
	325.48	116.47	283.74	1
	54.31	148.54	289.37	1
	344.19	132.55	271.80	1
	31.96	145.19	277.93	1
	16.63	137.61	271.70	1
	262.97	152.49	129.79	1
	263.50	89.78	223.61	1
	297.46	141.29	195.78	1
	310.03	101.73	207.80	1
	301.23	149.55	247.62	1
	309.59	101.37	208.25	1
	311.87	76.84	243.88	1
	296.25	162.57	199.12	1
	307.37	147.60	252.52	1
	26.60	129.51	265.49	1
	231.18	79.16	208.89	1
	270.49	152.63	225.36	1
	325.98	133.94	181.03	1
	276.25	152.52	229.63	1
	287.97	91.54	222.10	1
	33.98	117.09	256.73	1
	306.97	99.51	210.60	1
	324.67	115.55	194.46	1
	319.82	110.38	198.80	1
	268.60	86.39	163.76	1
	16.93	131.57	267.72	1
	308.94	100.91	208.80	1
	314.37	105.27	203.79	1
	32.91	118.33	257.66	1
	348.22	136.13	269.25	1
	224.41	73.65	202.66	1
	319.05	109.61	199.51	1
	256.41	152.07	214.96	1
	12.04	136.87	270.91	1
	55.29	148.78	200.03	1
	28.47	137.44	271.67	1
	2.98	134.73	269.95	1
	322.82	113.52	286.10	1
	4.87	138.57	270.28	1
	315.28	73.92	247.05	1
	271.16	88.54	239.52	1
	272.73	152.61	137.03	1
	262.53	109.39	261.41	1
	47.03	146.70	284.77	1
	224.25	106.50	247.49	1
	354.44	128.72	270.37	1
	318.63	70.80	250.12	1
	301.75	149.43	247.98	1
	327.95	119.34	281.59	1
	321.03	69.96	251.56	1
	326.85	118.04	192.55	1
	135.03	74.15	246.82	1
	130.47	102.07	207.39	1
	117.85	141.85	194.23	1
	72.75	91.34	227.34	1
	143.84	114.62	285.20	1
	139.82	110.37	198.81	1
	116.81	142.87	191.07	1
	120.49	138.58	195.23	1
	137.30	107.93	201.10	1
	53.35	147.65	197.74	1
	176.81	152.10	271.40	1
	94.69	88.83	246.05	1
	114.06	150.84	152.61	1
	134.86	74.30	246.66	1
	116.86	150.33	154.68	1
	135.83	106.61	202.38	1
	212.34	119.01	258.16	1
	139.84	110.40	288.79	1
	130.56	162.97	211.84	1
	176.21	135.40	269.92	1
	144.46	115.31	194.65	1
	154.82	134.08	270.27	1
	213.06	118.14	257.53	1
	143.86	142.41	261.78	1
	146.05	117.13	283.24	1
	140.12	110.68	198.54	1
	91.64	92.25	207.14	1
	44.33	106.43	247.41	1
	67.82	89.39	222.52	1
	115.40	89.29	227.17	1
	160.25	95.73	232.65	1
	140.48	111.05	198.21	1
	136.32	107.01	202.00	1
	134.67	74.46	246.49	1
	186.57	136.50	270.32	1
	144.37	135.00	180.00	1
	97.16	152.48	230.30	1
	204.74	133.65	269.88	1
	109.65	151.45	149.45	1
	132.62	76.24	244.55	1
	125.65	148.53	250.62	1
	89.05	90.03	221.52	1
	103.39	124.77	263.71	1
	146.06	138.58	266.37	1
	212.65	118.66	257.90	1
	134.76	74.38	246.58	1
	176.68	121.42	269.62	1
	104.29	152.02	235.55	1
	52.80	80.29	210.27	1
	146.08	117.16	193.22	1
	182.19	131.70	269.95	1
	136.86	72.49	248.49	1
	122.60	86.50	230.20	1
	135.10	105.91	203.12	1
	96.62	152.50	229.90	1
	147.16	118.43	192.27	1
	133.46	75.52	245.36	1
	143.38	114.11	285.61	1
	145.55	116.55	193.69	1
	178.63	136.37	179.98	1
	152.86	136.94	269.01	1
	152.32	128.70	185.26	1
	146.51	117.66	192.84	1
	96.88	152.49	230.10	1
	82.72	152.79	130.20	1
	141.47	112.07	197.32	1
	83.97	152.52	220.53	1
	122.64	149.24	248.58	1
	139.31	109.87	199.27	1
	149.27	120.93	190.46	1
	89.82	90.67	214.27	1
	192.66	97.88	214.16	1
	66.54	90.91	227.82	1
	86.17	90.12	227.87	1
	145.48	116.47	283.74	1
	234.31	148.54	289.37	1
	164.19	132.55	271.80	1
	211.96	145.19	277.93	1
	196.63	137.61	271.70	1
	82.97	152.49	129.79	1
	83.50	89.78	223.61	1
	117.46	141.29	195.78	1
	130.03	101.73	207.80	1
	121.23	149.55	247.62	1
	129.59	101.37	208.25	1
	131.87	76.84	243.88	1
	116.25	162.57	199.12	1
	127.37	147.60	252.52	1
	206.60	129.51	265.49	1
	51.18	79.16	208.89	1
	90.49	152.63	225.36	1
	145.98	133.94	181.03	1
	96.25	152.52	229.63	1
	107.97	91.54	222.10	1
	213.98	117.09	256.73	1
	126.97	99.51	210.60	1
	144.67	115.55	194.46	1
	139.82	110.38	198.80	1
	88.60	86.39	163.76	1
	196.93	131.57	267.72	1
	128.94	100.91	208.80	1
	134.37	105.27	203.79	1
	212.91	118.33	257.66	1
	168.22	136.13	269.25	1
	44.41	73.65	202.66	1
	139.05	109.61	199.51	1
	76.41	152.07	214.96	1
	192.04	136.87	270.91	1
	235.29	148.78	200.03	1
	208.47	137.44	271.67	1
	182.98	134.73	269.95	1
	142.82	113.52	286.10	1
	184.87	138.57	270.28	1
	135.28	73.92	247.05	1
	91.16	88.54	239.52	1
	92.73	152.61	137.03	1
	82.53	109.39	261.41	1
	227.03	146.70	284.77	1
	44.25	106.50	247.49	1
	174.44	128.72	270.37	1
	138.63	70.80	250.12	1
	121.75	149.43	247.98	1
	147.95	119.34	281.59	1
	141.03	69.96	251.56	1
	146.85	118.04	192.55	1
