This file is created for TexTools software, Resmat Corp 
ODF file name: solodf.HODF 

B	500	0 
	45.32	105.55	66.50	1
	50.37	78.57	28.16	1
	63.03	37.62	10.54	1
	104.54	89.09	46.72	1
	35.62	64.78	104.72	1
	40.04	69.48	18.68	1
	64.43	36.79	7.94	1
	65.63	35.22	11.61	1
	42.81	72.18	21.20	1
	129.15	33.39	15.57	1
	6.53	24.25	88.56	1
	87.49	93.95	68.41	1
	63.70	29.52	334.19	1
	45.51	105.38	66.33	1
	60.73	30.17	336.45	1
	44.50	73.61	22.55	1
	328.55	59.94	78.92	1
	40.02	69.46	108.66	1
	40.71	16.98	41.02	1
	2.90	44.51	89.94	1
	34.95	64.02	14.13	1
	23.01	46.40	89.95	1
	327.77	60.90	78.24	1
	32.19	39.08	84.14	1
	33.21	62.01	102.59	1
	39.71	69.15	18.38	1
	91.75	87.80	23.50	1
	135.39	73.82	67.16	1
	109.35	91.86	41.48	1
	67.07	91.01	47.90	1
	14.18	79.88	52.92	1
	39.31	68.74	18.02	1
	43.89	73.18	22.19	1
	45.71	105.20	66.13	1
	354.91	43.11	90.24	1
	35.77	45.00	360.00	1
	82.12	27.55	50.83	1
	338.26	47.46	89.15	1
	68.47	28.80	330.81	1
	47.96	103.26	63.97	1
	51.35	32.25	72.59	1
	90.83	89.92	40.35	1
	79.80	51.07	77.54	1
	31.80	42.12	87.39	1
	328.21	60.32	78.64	1
	45.61	105.29	66.23	1
	1.82	61.89	92.59	1
	74.30	28.11	56.58	1
	125.93	98.91	31.23	1
	33.17	61.99	12.57	1
	358.23	49.44	90.02	1
	43.30	107.36	68.35	1
	58.45	92.73	49.07	1
	45.25	74.39	23.43	1
	82.72	27.53	50.40	1
	32.00	60.57	11.54	1
	47.04	104.05	64.87	1
	36.13	65.35	105.18	1
	33.76	62.65	13.08	1
	1.03	43.13	359.99	1
	24.98	42.43	88.83	1
	26.85	49.89	3.99	1
	32.71	61.42	12.16	1
	82.42	27.54	50.62	1
	97.39	26.57	311.33	1
	38.22	67.61	17.04	1
	96.64	27.50	40.08	1
	54.53	31.40	70.48	1
	40.60	70.04	19.19	1
	29.69	57.85	9.59	1
	91.26	89.10	31.41	1
	345.41	77.51	38.96	1
	110.73	88.45	48.68	1
	92.90	89.93	48.91	1
	33.83	62.74	103.14	1
	308.69	32.20	107.42	1
	13.47	46.91	91.26	1
	332.26	33.14	96.98	1
	346.36	42.54	91.22	1
	97.73	27.54	309.27	1
	95.06	90.16	43.28	1
	67.22	33.91	11.82	1
	50.85	78.93	28.61	1
	56.03	31.05	69.47	1
	51.32	79.32	29.13	1
	48.79	102.61	63.23	1
	48.54	16.13	35.30	1
	49.97	33.42	74.64	1
	334.51	49.42	86.71	1
	127.79	100.11	29.79	1
	89.46	27.37	45.40	1
	33.98	45.80	0.78	1
	83.12	27.51	50.10	1
	74.79	88.91	42.62	1
	326.76	62.06	77.37	1
	54.26	81.30	31.69	1
	34.72	63.76	13.92	1
	40.03	69.47	18.67	1
	94.32	88.03	346.32	1
	345.46	48.03	88.33	1
	52.07	79.81	29.71	1
	46.05	75.09	24.18	1
	327.93	60.69	78.39	1
	9.41	44.06	89.51	1
	135.29	106.09	22.92	1
	40.88	70.32	19.45	1
	104.93	28.05	33.97	1
	350.36	43.03	90.65	1
	307.65	31.93	18.10	1
	333.80	42.25	91.54	1
	357.72	45.33	89.97	1
	36.75	66.00	105.71	1
	356.34	40.14	90.15	1
	45.04	105.79	66.76	1
	91.17	91.63	62.89	1
	86.99	27.39	317.23	1
	98.08	74.57	79.01	1
	316.33	34.13	102.85	1
	135.46	73.75	67.25	1
	4.52	53.38	90.12	1
	41.34	109.23	70.14	1
	55.48	31.19	69.85	1
	31.13	59.58	100.81	1
	37.55	108.72	71.83	1
	32.33	61.02	11.84	1
	225.32	105.55	66.50	1
	230.37	78.57	28.16	1
	243.03	37.62	10.54	1
	284.54	89.09	46.72	1
	215.62	64.78	104.72	1
	220.04	69.48	18.68	1
	244.43	36.79	7.94	1
	245.63	35.22	11.61	1
	222.81	72.18	21.20	1
	309.15	33.39	15.57	1
	186.53	24.25	88.56	1
	267.49	93.95	68.41	1
	243.70	29.52	334.19	1
	225.51	105.38	66.33	1
	240.73	30.17	336.45	1
	224.50	73.61	22.55	1
	148.55	59.94	78.92	1
	220.02	69.46	108.66	1
	220.71	16.98	41.02	1
	182.90	44.51	89.94	1
	214.95	64.02	14.13	1
	203.01	46.40	89.95	1
	147.77	60.90	78.24	1
	212.19	39.08	84.14	1
	213.21	62.01	102.59	1
	219.71	69.15	18.38	1
	271.75	87.80	23.50	1
	315.39	73.82	67.16	1
	289.35	91.86	41.48	1
	247.07	91.01	47.90	1
	194.18	79.88	52.92	1
	219.31	68.74	18.02	1
	223.89	73.18	22.19	1
	225.71	105.20	66.13	1
	174.91	43.11	90.24	1
	215.77	45.00	360.00	1
	262.12	27.55	50.83	1
	158.26	47.46	89.15	1
	248.47	28.80	330.81	1
	227.96	103.26	63.97	1
	231.35	32.25	72.59	1
	270.83	89.92	40.35	1
	259.80	51.07	77.54	1
	211.80	42.12	87.39	1
	148.21	60.32	78.64	1
	225.61	105.29	66.23	1
	181.82	61.89	92.59	1
	254.30	28.11	56.58	1
	305.93	98.91	31.23	1
	213.17	61.99	12.57	1
	178.23	49.44	90.02	1
	223.30	107.36	68.35	1
	238.45	92.73	49.07	1
	225.25	74.39	23.43	1
	262.72	27.53	50.40	1
	212.00	60.57	11.54	1
	227.04	104.05	64.87	1
	216.13	65.35	105.18	1
	213.76	62.65	13.08	1
	181.03	43.13	359.99	1
	204.98	42.43	88.83	1
	206.85	49.89	3.99	1
	212.71	61.42	12.16	1
	262.42	27.54	50.62	1
	277.39	26.57	311.33	1
	218.22	67.61	17.04	1
	276.64	27.50	40.08	1
	234.53	31.40	70.48	1
	220.60	70.04	19.19	1
	209.69	57.85	9.59	1
	271.26	89.10	31.41	1
	165.41	77.51	38.96	1
	290.73	88.45	48.68	1
	272.90	89.93	48.91	1
	213.83	62.74	103.14	1
	128.69	32.20	107.42	1
	193.47	46.91	91.26	1
	152.26	33.14	96.98	1
	166.36	42.54	91.22	1
	277.73	27.54	309.27	1
	275.06	90.16	43.28	1
	247.22	33.91	11.82	1
	230.85	78.93	28.61	1
	236.03	31.05	69.47	1
	231.32	79.32	29.13	1
	228.79	102.61	63.23	1
	228.54	16.13	35.30	1
	229.97	33.42	74.64	1
	154.51	49.42	86.71	1
	307.79	100.11	29.79	1
	269.46	27.37	45.40	1
	213.98	45.80	0.78	1
	263.12	27.51	50.10	1
	254.79	88.91	42.62	1
	146.76	62.06	77.37	1
	234.26	81.30	31.69	1
	214.72	63.76	13.92	1
	220.03	69.47	18.67	1
	274.32	88.03	346.32	1
	165.46	48.03	88.33	1
	232.07	79.81	29.71	1
	226.05	75.09	24.18	1
	147.93	60.69	78.39	1
	189.41	44.06	89.51	1
	315.29	106.09	22.92	1
	220.88	70.32	19.45	1
	284.93	28.05	33.97	1
	170.36	43.03	90.65	1
	127.65	31.93	18.10	1
	153.80	42.25	91.54	1
	177.72	45.33	89.97	1
	216.75	66.00	105.71	1
	176.34	40.14	90.15	1
	225.04	105.79	66.76	1
	271.17	91.63	62.89	1
	266.99	27.39	317.23	1
	278.08	74.57	79.01	1
	136.33	34.13	102.85	1
	315.46	73.75	67.25	1
	184.52	53.38	90.12	1
	221.34	109.23	70.14	1
	235.48	31.19	69.85	1
	211.13	59.58	100.81	1
	217.55	108.72	71.83	1
	212.33	61.02	11.84	1
	314.68	74.45	246.50	1
	309.63	101.43	208.16	1
	296.97	142.38	190.54	1
	255.46	90.91	226.72	1
	324.38	115.22	284.72	1
	319.96	110.52	198.68	1
	295.57	143.21	187.94	1
	294.37	144.78	191.61	1
	317.19	107.82	201.20	1
	230.85	146.61	195.57	1
	353.47	155.75	268.56	1
	272.51	86.05	248.41	1
	296.30	150.48	154.19	1
	314.49	74.62	246.33	1
	299.27	149.83	156.45	1
	315.50	106.39	202.55	1
	31.45	120.06	258.92	1
	319.98	110.54	288.66	1
	319.29	163.02	221.02	1
	357.10	135.49	269.94	1
	325.05	115.98	194.13	1
	336.99	133.60	269.95	1
	32.23	119.10	258.24	1
	327.81	140.92	264.14	1
	326.79	117.99	282.59	1
	320.29	110.85	198.38	1
	268.25	92.20	203.50	1
	224.61	106.18	247.16	1
	250.65	88.14	221.48	1
	292.93	88.99	227.90	1
	345.82	100.12	232.92	1
	320.69	111.26	198.02	1
	316.11	106.82	202.19	1
	314.29	74.80	246.13	1
	5.09	136.89	270.24	1
	324.23	135.00	180.00	1
	277.88	152.45	230.83	1
	21.74	132.54	269.15	1
	291.53	151.20	150.81	1
	312.04	76.74	243.97	1
	308.65	147.75	252.59	1
	269.17	90.08	220.35	1
	280.20	128.93	257.54	1
	328.20	137.88	267.39	1
	31.79	119.68	258.64	1
	314.39	74.71	246.23	1
	358.18	118.11	272.59	1
	285.70	151.89	236.58	1
	234.07	81.09	211.23	1
	326.83	118.01	192.57	1
	1.77	130.56	270.02	1
	316.70	72.64	248.35	1
	301.55	87.27	229.07	1
	314.75	105.61	203.43	1
	277.28	152.47	230.40	1
	328.00	119.43	191.54	1
	312.96	75.95	244.87	1
	323.87	114.65	285.18	1
	326.24	117.35	193.08	1
	358.97	136.87	179.99	1
	335.02	137.57	268.83	1
	333.15	130.11	183.99	1
	327.29	118.58	192.16	1
	277.58	152.46	230.62	1
	262.61	153.43	131.33	1
	321.78	112.39	197.04	1
	263.36	152.50	220.08	1
	305.47	148.60	250.48	1
	319.40	109.96	199.19	1
	330.31	122.15	189.59	1
	268.74	90.90	211.41	1
	14.59	102.49	218.96	1
	249.27	91.55	228.68	1
	267.10	90.07	228.91	1
	326.17	117.26	283.14	1
	51.31	147.80	287.42	1
	346.53	133.09	271.26	1
	27.74	146.86	276.98	1
	13.64	137.46	271.22	1
	262.27	152.46	129.27	1
	264.94	89.84	223.28	1
	292.78	146.09	191.82	1
	309.15	101.07	208.61	1
	303.97	148.95	249.47	1
	308.68	100.68	209.13	1
	311.21	77.39	243.23	1
	311.46	163.87	215.30	1
	310.03	146.58	254.64	1
	25.49	130.58	266.71	1
	232.21	79.89	209.79	1
	270.54	152.63	225.40	1
	326.02	134.20	180.78	1
	276.88	152.49	230.10	1
	285.21	91.09	222.62	1
	33.24	117.94	257.37	1
	305.74	98.70	211.69	1
	325.28	116.24	193.92	1
	319.97	110.53	198.67	1
	265.68	91.97	166.32	1
	14.54	131.97	268.33	1
	307.93	100.19	209.71	1
	313.95	104.91	204.18	1
	32.07	119.31	258.39	1
	350.59	135.94	269.51	1
	224.71	73.91	202.92	1
	319.12	109.68	199.45	1
	255.07	151.95	213.97	1
	9.64	136.97	270.65	1
	52.35	148.07	198.10	1
	26.20	137.75	271.54	1
	2.28	134.67	269.97	1
	323.25	114.00	285.71	1
	3.66	139.86	270.15	1
	314.96	74.21	246.76	1
	268.83	88.37	242.89	1
	273.01	152.61	137.23	1
	261.92	105.43	259.01	1
	43.67	145.87	282.85	1
	224.54	106.25	247.25	1
	355.48	126.62	270.12	1
	318.66	70.77	250.14	1
	304.52	148.81	249.85	1
	328.87	120.42	280.81	1
	322.45	71.28	251.83	1
	327.67	118.98	191.84	1
	134.68	74.45	246.50	1
	129.63	101.43	208.16	1
	116.97	142.38	190.54	1
	75.46	90.91	226.72	1
	144.38	115.22	284.72	1
	139.96	110.52	198.68	1
	115.57	143.21	187.94	1
	114.37	144.78	191.61	1
	137.19	107.82	201.20	1
	50.85	146.61	195.57	1
	173.47	155.75	268.56	1
	92.51	86.05	248.41	1
	116.30	150.48	154.19	1
	134.49	74.62	246.33	1
	119.27	149.83	156.45	1
	135.50	106.39	202.55	1
	211.45	120.06	258.92	1
	139.98	110.54	288.66	1
	139.29	163.02	221.02	1
	177.10	135.49	269.94	1
	145.05	115.98	194.13	1
	156.99	133.60	269.95	1
	212.23	119.10	258.24	1
	147.81	140.92	264.14	1
	146.79	117.99	282.59	1
	140.29	110.85	198.38	1
	88.25	92.20	203.50	1
	44.61	106.18	247.16	1
	70.65	88.14	221.48	1
	112.93	88.99	227.90	1
	165.82	100.12	232.92	1
	140.69	111.26	198.02	1
	136.11	106.82	202.19	1
	134.29	74.80	246.13	1
	185.09	136.89	270.24	1
	144.23	135.00	180.00	1
	97.88	152.45	230.83	1
	201.74	132.54	269.15	1
	111.53	151.20	150.81	1
	132.04	76.74	243.97	1
	128.65	147.75	252.59	1
	89.17	90.08	220.35	1
	100.20	128.93	257.54	1
	148.20	137.88	267.39	1
	211.79	119.68	258.64	1
	134.39	74.71	246.23	1
	178.18	118.11	272.59	1
	105.70	151.89	236.58	1
	54.07	81.09	211.23	1
	146.83	118.01	192.57	1
	181.77	130.56	270.02	1
	136.70	72.64	248.35	1
	121.55	87.27	229.07	1
	134.75	105.61	203.43	1
	97.28	152.47	230.40	1
	148.00	119.43	191.54	1
	132.96	75.95	244.87	1
	143.87	114.65	285.18	1
	146.24	117.35	193.08	1
	178.97	136.87	179.99	1
	155.02	137.57	268.83	1
	153.15	130.11	183.99	1
	147.29	118.58	192.16	1
	97.58	152.46	230.62	1
	82.61	153.43	131.33	1
	141.78	112.39	197.04	1
	83.36	152.50	220.08	1
	125.47	148.60	250.48	1
	139.40	109.96	199.19	1
	150.31	122.15	189.59	1
	88.74	90.90	211.41	1
	194.59	102.49	218.96	1
	69.27	91.55	228.68	1
	87.10	90.07	228.91	1
	146.17	117.26	283.14	1
	231.31	147.80	287.42	1
	166.53	133.09	271.26	1
	207.74	146.86	276.98	1
	193.64	137.46	271.22	1
	82.27	152.46	129.27	1
	84.94	89.84	223.28	1
	112.78	146.09	191.82	1
	129.15	101.07	208.61	1
	123.97	148.95	249.47	1
	128.68	100.68	209.13	1
	131.21	77.39	243.23	1
	131.46	163.87	215.30	1
	130.03	146.58	254.64	1
	205.49	130.58	266.71	1
	52.21	79.89	209.79	1
	90.54	152.63	225.40	1
	146.02	134.20	180.78	1
	96.88	152.49	230.10	1
	105.21	91.09	222.62	1
	213.24	117.94	257.37	1
	125.74	98.70	211.69	1
	145.28	116.24	193.92	1
	139.97	110.53	198.67	1
	85.68	91.97	166.32	1
	194.54	131.97	268.33	1
	127.93	100.19	209.71	1
	133.95	104.91	204.18	1
	212.07	119.31	258.39	1
	170.59	135.94	269.51	1
	44.71	73.91	202.92	1
	139.12	109.68	199.45	1
	75.07	151.95	213.97	1
	189.64	136.97	270.65	1
	232.35	148.07	198.10	1
	206.20	137.75	271.54	1
	182.28	134.67	269.97	1
	143.25	114.00	285.71	1
	183.66	139.86	270.15	1
	134.96	74.21	246.76	1
	88.83	88.37	242.89	1
	93.01	152.61	137.23	1
	81.92	105.43	259.01	1
	223.67	145.87	282.85	1
	44.54	106.25	247.25	1
	175.48	126.62	270.12	1
	138.66	70.77	250.14	1
	124.52	148.81	249.85	1
	148.87	120.42	280.81	1
	142.45	71.28	251.83	1
	147.67	118.98	191.84	1
