This file is created for TexTools software, Resmat Corp 
ODF file name: solodf.HODF 

B	500	0 
	46.28	104.71	65.62	1
	52.70	80.25	30.27	1
	61.80	39.69	10.86	1
	90.00	90.00	45.64	1
	34.17	63.15	103.44	1
	39.64	69.09	18.33	1
	61.55	39.29	18.74	1
	63.02	37.95	12.68	1
	43.12	72.46	21.48	1
	65.22	35.85	11.43	1
	332.00	13.80	116.29	1
	83.15	79.23	73.97	1
	37.51	44.85	0.01	1
	46.52	104.51	65.39	1
	36.84	44.85	0.02	1
	46.64	73.65	22.01	1
	330.98	57.14	80.95	1
	39.62	69.04	108.29	1
	41.76	17.13	40.26	1
	1.53	44.05	89.97	1
	33.35	62.17	12.72	1
	15.40	47.26	91.68	1
	330.08	58.46	80.14	1
	24.39	39.89	86.65	1
	31.20	59.65	100.86	1
	39.23	68.66	17.95	1
	87.57	99.50	19.07	1
	83.69	79.35	73.53	1
	89.99	90.03	42.82	1
	73.58	91.31	47.78	1
	11.90	81.50	55.93	1
	38.74	68.15	17.51	1
	44.48	73.71	22.73	1
	46.77	104.29	65.14	1
	357.33	41.20	90.08	1
	36.65	45.00	0.01	1
	80.17	27.62	52.21	1
	345.32	47.72	88.36	1
	37.57	44.83	0.02	1
	49.41	101.89	62.28	1
	43.79	34.50	77.28	1
	89.94	90.14	40.30	1
	82.90	54.82	79.01	1
	26.66	42.24	88.35	1
	330.54	57.56	80.61	1
	46.64	104.40	65.27	1
	356.16	70.37	89.53	1
	70.49	28.53	59.34	1
	87.34	99.75	18.58	1
	31.12	59.71	10.82	1
	358.30	53.49	90.34	1
	43.73	106.96	67.95	1
	61.89	91.37	47.65	1
	46.19	75.21	24.30	1
	80.89	27.61	51.73	1
	29.72	57.86	9.61	1
	48.31	102.85	63.46	1
	34.80	63.86	103.99	1
	31.88	60.47	11.45	1
	359.60	41.22	0.03	1
	19.51	41.29	87.52	1
	23.14	48.82	2.22	1
	30.59	58.92	10.34	1
	80.52	27.63	52.01	1
	16.36	11.52	72.15	1
	37.38	66.71	16.29	1
	61.76	38.99	12.96	1
	47.31	33.23	75.06	1
	40.35	69.79	18.96	1
	26.78	54.75	7.32	1
	89.95	90.55	35.74	1
	343.34	78.68	40.14	1
	89.99	89.95	47.81	1
	89.95	89.88	49.32	1
	31.93	60.63	101.51	1
	316.29	34.17	102.85	1
	8.49	46.57	90.53	1
	330.89	21.57	108.77	1
	351.95	41.54	90.62	1
	76.94	26.93	51.97	1
	90.00	90.08	41.50	1
	65.84	35.23	12.12	1
	53.32	80.67	30.83	1
	49.00	32.75	74.00	1
	53.79	81.14	31.57	1
	50.55	101.13	61.40	1
	43.87	16.66	39.09	1
	44.32	36.21	79.44	1
	339.57	49.41	87.62	1
	89.80	90.46	36.54	1
	89.32	27.37	45.50	1
	33.47	45.44	0.40	1
	81.40	27.58	51.37	1
	80.49	89.50	42.71	1
	328.79	59.78	79.10	1
	57.80	83.38	34.47	1
	33.05	61.85	12.46	1
	39.64	69.07	18.32	1
	37.65	123.11	1.75	1
	350.78	48.60	89.17	1
	54.95	81.69	32.11	1
	47.21	76.07	25.24	1
	330.25	58.15	80.31	1
	5.33	43.93	89.80	1
	84.76	100.31	17.01	1
	40.70	70.14	19.28	1
	61.98	38.96	17.59	1
	354.59	41.68	90.32	1
	315.14	33.80	13.54	1
	339.13	40.97	92.84	1
	358.80	45.64	89.98	1
	35.65	64.62	104.63	1
	357.78	35.69	89.70	1
	45.93	105.02	65.94	1
	89.77	89.51	53.67	1
	55.86	17.91	37.04	1
	82.14	78.24	79.11	1
	322.36	34.45	100.22	1
	89.85	89.68	52.08	1
	4.24	59.96	89.76	1
	41.27	109.29	70.20	1
	48.40	33.05	74.46	1
	28.58	56.81	98.74	1
	27.80	95.05	77.87	1
	30.04	58.60	9.96	1
	316.13	73.16	67.83	1
	273.07	77.77	11.44	1
	293.73	29.19	27.47	1
	279.04	89.65	46.07	1
	325.07	64.01	75.89	1
	320.47	111.00	18.24	1
	291.61	28.81	29.12	1
	323.84	45.00	0.00	1
	309.35	100.60	29.42	1
	283.84	27.95	34.76	1
	14.20	10.66	71.60	1
	270.15	90.99	57.19	1
	302.18	30.66	21.73	1
	313.49	75.48	65.41	1
	307.20	31.85	18.36	1
	279.51	52.02	11.95	1
	328.33	60.20	78.73	1
	316.34	72.96	68.03	1
	283.51	27.92	125.02	1
	317.18	34.85	102.13	1
	346.08	47.91	0.63	1
	323.62	65.60	74.62	1
	335.88	55.45	83.75	1
	320.82	35.62	100.30	1
	325.06	64.01	75.88	1
	319.38	109.90	19.23	1
	270.12	88.13	28.75	1
	270.44	91.38	59.00	1
	270.00	89.97	42.81	1
	288.96	88.21	48.48	1
	306.52	90.00	45.00	1
	346.24	48.71	0.66	1
	311.79	103.02	26.31	1
	313.45	75.53	65.35	1
	290.34	28.63	120.06	1
	296.11	29.57	25.80	1
	270.00	27.37	45.00	1
	339.62	48.28	88.50	1
	337.50	40.30	2.86	1
	315.88	73.39	67.60	1
	327.45	59.66	78.91	1
	270.05	89.85	40.11	1
	278.44	56.73	98.07	1
	310.45	32.74	106.26	1
	333.24	47.89	87.94	1
	317.01	72.35	68.63	1
	23.10	58.44	96.36	1
	295.58	36.54	75.83	1
	270.27	89.10	33.41	1
	349.68	48.83	0.43	1
	359.21	53.23	90.44	1
	319.01	70.43	70.46	1
	298.78	88.14	48.25	1
	311.57	102.94	26.37	1
	270.00	27.37	45.00	1
	346.74	47.52	0.56	1
	317.55	71.84	69.13	1
	325.49	63.53	76.26	1
	22.86	50.17	3.37	1
	359.65	41.07	0.15	1
	299.68	30.14	113.45	1
	9.59	46.94	0.70	1
	347.22	47.35	0.52	1
	275.01	27.44	41.28	1
	270.02	27.06	134.86	1
	327.70	45.06	0.05	1
	278.31	27.58	38.84	1
	286.01	28.14	123.20	1
	318.53	109.10	19.98	1
	24.21	49.63	3.21	1
	273.18	79.95	18.68	1
	346.65	81.66	35.79	1
	313.11	75.79	65.09	1
	270.06	90.16	50.11	1
	320.48	68.95	71.79	1
	358.90	34.76	89.28	1
	339.41	48.46	88.29	1
	274.93	27.44	131.35	1
	336.04	40.22	93.01	1
	270.00	27.37	45.00	1
	270.00	89.93	41.62	1
	274.94	27.44	41.34	1
	298.28	93.51	39.32	1
	270.00	27.37	135.00	1
	309.50	78.67	61.72	1
	314.84	74.31	66.65	1
	285.10	22.15	65.05	1
	319.72	69.72	71.10	1
	329.89	58.49	80.03	1
	294.33	79.77	0.20	1
	276.57	27.50	40.13	1
	353.43	45.35	0.11	1
	275.99	27.47	40.56	1
	270.01	89.97	42.87	1
	4.08	63.90	89.12	1
	301.56	96.29	34.94	1
	18.76	50.04	2.57	1
	320.75	111.24	18.01	1
	297.18	79.65	0.50	1
	347.73	48.80	88.64	1
	272.72	78.99	12.96	1
	309.16	100.81	29.03	1
	331.25	57.08	81.11	1
	326.10	39.42	95.83	1
	314.62	105.71	23.17	1
	327.97	45.28	0.03	1
	277.96	27.56	39.10	1
	292.94	28.99	118.19	1
	20.51	18.85	72.69	1
	298.67	30.03	114.00	1
	331.76	55.80	81.71	1
	317.22	72.14	68.83	1
	313.63	33.44	104.40	1
	316.97	72.38	68.60	1
	270.17	90.35	52.43	1
	270.96	23.43	131.44	1
	305.92	81.15	58.59	1
	270.00	27.37	45.00	1
	270.01	90.34	52.36	1
	1.28	59.80	91.95	1
	319.19	70.26	70.62	1
	295.64	29.41	116.27	1
	325.14	63.93	75.95	1
	25.68	55.58	97.00	1
	29.98	58.40	9.88	1
	316.13	106.84	112.17	1
	273.07	102.23	168.56	1
	293.73	150.81	152.53	1
	279.04	90.35	133.93	1
	325.07	115.99	104.11	1
	320.47	69.00	161.76	1
	291.61	151.19	150.88	1
	323.84	135.00	180.00	1
	309.35	79.40	150.58	1
	283.84	152.05	145.24	1
	14.20	169.34	108.40	1
	270.15	89.01	122.81	1
	302.18	149.34	158.27	1
	313.49	104.52	114.59	1
	307.20	148.15	161.64	1
	279.51	127.98	168.05	1
	328.33	119.80	101.27	1
	316.34	107.04	111.97	1
	283.51	152.08	54.98	1
	317.18	145.15	77.87	1
	346.08	132.09	179.37	1
	323.62	114.40	105.38	1
	335.88	124.55	96.25	1
	320.82	144.38	79.70	1
	325.06	115.99	104.12	1
	319.38	70.10	160.77	1
	270.12	91.87	151.25	1
	270.44	88.62	121.00	1
	270.00	90.03	137.19	1
	288.96	91.79	131.52	1
	306.52	90.00	135.00	1
	346.24	131.29	179.34	1
	311.79	76.98	153.69	1
	313.45	104.47	114.65	1
	290.34	151.37	59.94	1
	296.11	150.43	154.20	1
	270.00	152.63	135.00	1
	339.62	131.72	91.50	1
	337.50	139.70	177.14	1
	315.88	106.61	112.40	1
	327.45	120.34	101.09	1
	270.05	90.15	139.89	1
	278.44	123.27	81.93	1
	310.45	147.26	73.74	1
	333.24	132.11	92.06	1
	317.01	107.65	111.37	1
	23.10	121.56	83.64	1
	295.58	143.46	104.17	1
	270.27	90.90	146.59	1
	349.68	131.17	179.57	1
	359.21	126.77	89.56	1
	319.01	109.57	109.54	1
	298.78	91.86	131.75	1
	311.57	77.06	153.63	1
	270.00	152.63	135.00	1
	346.74	132.48	179.44	1
	317.55	108.16	110.87	1
	325.49	116.47	103.74	1
	22.86	129.83	176.63	1
	359.65	138.93	179.85	1
	299.68	149.86	66.55	1
	9.59	133.06	179.30	1
	347.22	132.65	179.48	1
	275.01	152.56	138.72	1
	270.02	152.94	45.14	1
	327.70	134.94	179.95	1
	278.31	152.42	141.16	1
	286.01	151.86	56.80	1
	318.53	70.90	160.02	1
	24.21	130.37	176.79	1
	273.18	100.05	161.32	1
	346.65	98.34	144.21	1
	313.11	104.21	114.91	1
	270.06	89.84	129.89	1
	320.48	111.05	108.21	1
	358.90	145.24	90.72	1
	339.41	131.54	91.71	1
	274.93	152.56	48.65	1
	336.04	139.78	86.99	1
	270.00	152.63	135.00	1
	270.00	90.07	138.38	1
	274.94	152.56	138.66	1
	298.28	86.49	140.68	1
	270.00	152.63	45.00	1
	309.50	101.33	118.28	1
	314.84	105.69	113.35	1
	285.10	157.85	114.95	1
	319.72	110.28	108.90	1
	329.89	121.51	99.97	1
	294.33	100.23	179.80	1
	276.57	152.50	139.87	1
	353.43	134.65	179.89	1
	275.99	152.53	139.44	1
	270.01	90.03	137.13	1
	4.08	116.10	90.88	1
	301.56	83.71	145.06	1
	18.76	129.96	177.43	1
	320.75	68.76	161.99	1
	297.18	100.35	179.50	1
	347.73	131.20	91.36	1
	272.72	101.01	167.04	1
	309.16	79.19	150.97	1
	331.25	122.92	98.89	1
	326.10	140.58	84.17	1
	314.62	74.29	156.83	1
	327.97	134.72	179.97	1
	277.96	152.44	140.90	1
	292.94	151.01	61.81	1
	20.51	161.15	107.31	1
	298.67	149.97	66.00	1
	331.76	124.20	98.29	1
	317.22	107.86	111.17	1
	313.63	146.56	75.60	1
	316.97	107.62	111.40	1
	270.17	89.65	127.57	1
	270.96	156.57	48.56	1
	305.92	98.85	121.41	1
	270.00	152.63	135.00	1
	270.01	89.66	127.64	1
	1.28	120.20	88.05	1
	319.19	109.74	109.38	1
	295.64	150.59	63.73	1
	325.14	116.07	104.05	1
	25.68	124.42	83.00	1
	29.98	121.60	170.12	1
	46.28	75.29	114.38	1
	52.70	99.75	149.73	1
	61.80	140.31	169.14	1
	90.00	90.00	134.36	1
	34.17	116.85	76.56	1
	39.64	110.91	161.67	1
	61.55	140.71	161.26	1
	63.02	142.05	167.32	1
	43.12	107.54	158.52	1
	65.22	144.15	168.57	1
	332.00	166.20	63.71	1
	83.15	100.77	106.03	1
	37.51	135.15	179.99	1
	46.52	75.49	114.61	1
	36.84	135.15	179.98	1
	46.64	106.35	157.99	1
	330.98	122.86	99.05	1
	39.62	110.96	71.71	1
	41.76	162.87	139.74	1
	1.53	135.95	90.03	1
	33.35	117.83	167.28	1
	15.40	132.74	88.32	1
	330.08	121.54	99.86	1
	24.39	140.11	93.35	1
	31.20	120.35	79.14	1
	39.23	111.34	162.05	1
	87.57	80.50	160.93	1
	83.69	100.65	106.47	1
	89.99	89.97	137.18	1
	73.58	88.69	132.22	1
	11.90	98.50	124.07	1
	38.74	111.85	162.49	1
	44.48	106.29	157.27	1
	46.77	75.71	114.86	1
	357.33	138.80	89.92	1
	36.65	135.00	179.99	1
	80.17	152.38	127.79	1
	345.32	132.28	91.64	1
	37.57	135.17	179.98	1
	49.41	78.11	117.72	1
	43.79	145.50	102.72	1
	89.94	89.86	139.70	1
	82.90	125.18	100.99	1
	26.66	137.76	91.65	1
	330.54	122.44	99.39	1
	46.64	75.60	114.73	1
	356.16	109.63	90.47	1
	70.49	151.47	120.66	1
	87.34	80.25	161.42	1
	31.12	120.29	169.18	1
	358.30	126.51	89.66	1
	43.73	73.04	112.05	1
	61.89	88.63	132.35	1
	46.19	104.79	155.70	1
	80.89	152.39	128.27	1
	29.72	122.14	170.39	1
	48.31	77.15	116.54	1
	34.80	116.14	76.01	1
	31.88	119.53	168.55	1
	359.60	138.78	179.97	1
	19.51	138.71	92.48	1
	23.14	131.18	177.78	1
	30.59	121.08	169.66	1
	80.52	152.37	127.98	1
	16.36	168.48	107.85	1
	37.38	113.29	163.71	1
	61.76	141.01	167.04	1
	47.31	146.77	104.94	1
	40.35	110.21	161.04	1
	26.78	125.25	172.68	1
	89.95	89.45	144.26	1
	343.34	101.32	139.86	1
	89.99	90.05	132.19	1
	89.95	90.12	130.68	1
	31.93	119.37	78.49	1
	316.29	145.83	77.15	1
	8.49	133.43	89.47	1
	330.89	158.43	71.23	1
	351.95	138.46	89.38	1
	76.94	153.07	128.03	1
	90.00	89.92	138.50	1
	65.84	144.77	167.88	1
	53.32	99.33	149.17	1
	49.00	147.25	106.00	1
	53.79	98.86	148.43	1
	50.55	78.87	118.60	1
	43.87	163.34	140.91	1
	44.32	143.79	100.56	1
	339.57	130.59	92.38	1
	89.80	89.54	143.46	1
	89.32	152.63	134.50	1
	33.47	134.56	179.60	1
	81.39	152.41	128.63	1
	80.49	90.50	137.29	1
	328.79	120.22	100.90	1
	57.80	96.62	145.53	1
	33.05	118.15	167.54	1
	39.64	110.93	161.68	1
	37.65	56.89	178.25	1
	350.78	131.40	90.83	1
	54.95	98.31	147.89	1
	47.21	103.93	154.76	1
	330.25	121.85	99.69	1
	5.33	136.07	90.20	1
	84.76	79.69	162.99	1
	40.70	109.86	160.72	1
	61.98	141.04	162.41	1
	354.59	138.32	89.68	1
	315.14	146.20	166.46	1
	339.13	139.03	87.16	1
	358.80	134.36	90.02	1
	35.65	115.38	75.37	1
	357.78	144.31	90.30	1
	45.93	74.98	114.06	1
	89.77	90.49	126.33	1
	55.86	162.09	142.96	1
	82.14	101.76	100.89	1
	322.36	145.55	79.78	1
	89.85	90.32	127.92	1
	4.24	120.04	90.24	1
	41.27	70.71	109.80	1
	48.40	146.95	105.54	1
	28.58	123.19	81.26	1
	27.80	84.95	102.13	1
	30.04	121.40	170.04	1
