This file is created for TexTools software, Resmat Corp 
ODF file name: solodf.HODF 

B	500	0 
	47.31	103.85	64.67	1
	55.29	81.90	32.38	1
	63.02	38.53	11.20	1
	90.00	89.99	46.18	1
	32.64	61.46	102.12	1
	39.20	68.70	17.96	1
	67.41	33.75	10.29	1
	62.68	37.60	13.00	1
	43.44	72.77	21.78	1
	64.09	36.88	11.73	1
	322.75	14.03	124.09	1
	87.10	79.95	71.54	1
	39.40	44.52	0.04	1
	47.61	103.61	64.41	1
	37.93	44.63	0.06	1
	56.06	71.87	17.34	1
	333.64	54.57	82.92	1
	39.28	68.56	107.89	1
	43.82	17.06	38.28	1
	0.87	43.23	90.00	1
	31.69	60.21	11.28	1
	10.84	46.44	90.79	1
	332.80	56.62	82.03	1
	17.92	38.96	87.33	1
	29.09	57.26	99.12	1
	38.73	68.15	17.50	1
	89.90	99.36	19.24	1
	87.38	80.07	71.30	1
	89.97	90.10	41.05	1
	78.77	90.68	47.57	1
	11.04	80.33	55.59	1
	38.13	67.52	16.97	1
	45.10	74.27	23.31	1
	47.85	103.33	64.06	1
	358.35	38.24	89.83	1
	37.92	44.99	0.05	1
	78.46	27.48	52.90	1
	349.89	47.67	89.14	1
	39.47	44.47	0.08	1
	50.50	100.44	60.29	1
	36.77	36.77	81.12	1
	89.81	90.43	36.85	1
	82.35	55.35	79.77	1
	22.53	41.06	86.83	1
	333.02	54.86	82.55	1
	47.72	103.47	64.22	1
	2.47	74.51	87.22	1
	66.60	29.04	62.13	1
	89.15	98.42	20.01	1
	28.80	57.72	9.06	1
	357.18	58.86	90.70	1
	44.14	106.52	67.49	1
	66.31	91.18	48.18	1
	47.20	76.05	25.22	1
	79.03	27.66	52.99	1
	27.32	55.15	7.68	1
	49.31	101.57	61.76	1
	33.40	62.29	102.78	1
	29.89	58.25	9.79	1
	359.03	38.34	0.10	1
	13.26	40.94	88.58	1
	17.36	49.53	2.62	1
	28.34	56.43	8.52	1
	78.55	27.73	53.43	1
	329.60	13.50	120.29	1
	36.51	65.76	15.51	1
	61.46	39.95	15.34	1
	40.45	34.78	78.80	1
	40.07	69.52	18.72	1
	23.50	52.28	5.25	1
	89.69	91.59	30.10	1
	343.72	78.93	40.17	1
	89.99	89.84	50.04	1
	89.87	89.64	52.54	1
	29.83	58.71	99.86	1
	323.48	35.39	99.39	1
	5.27	47.27	90.28	1
	355.91	12.67	97.01	1
	355.34	38.74	90.24	1
	77.95	24.08	38.61	1
	89.99	90.24	38.81	1
	66.06	35.17	12.56	1
	56.07	82.37	33.04	1
	42.28	34.22	77.78	1
	56.36	82.92	34.15	1
	52.21	99.61	59.37	1
	43.97	16.54	40.21	1
	40.46	38.69	82.92	1
	345.15	49.74	87.95	1
	89.40	91.33	31.21	1
	89.18	27.37	45.61	1
	32.34	45.35	0.25	1
	79.61	27.65	52.63	1
	84.15	89.73	41.40	1
	331.05	57.72	80.85	1
	61.89	85.19	36.68	1
	31.30	59.90	10.97	1
	39.21	68.66	17.94	1
	60.92	113.72	2.60	1
	354.39	51.25	89.62	1
	58.33	83.45	34.12	1
	48.44	77.07	26.38	1
	332.91	56.03	82.21	1
	3.14	43.20	89.89	1
	88.16	100.15	18.36	1
	40.51	69.95	19.10	1
	63.58	37.83	16.54	1
	356.89	38.92	90.04	1
	322.26	34.93	10.05	1
	345.62	40.75	91.64	1
	359.31	46.20	90.00	1
	34.79	63.03	103.44	1
	356.52	30.02	93.00	1
	46.88	104.21	65.08	1
	89.45	88.62	59.08	1
	79.90	17.48	9.35	1
	85.45	75.92	81.32	1
	330.49	31.68	98.28	1
	89.58	89.06	56.80	1
	358.64	66.98	92.83	1
	41.19	109.35	70.26	1
	41.69	35.00	78.41	1
	25.67	54.54	96.75	1
	24.57	90.55	79.94	1
	27.34	56.78	8.08	1
	315.64	73.60	67.39	1
	277.44	78.46	13.30	1
	298.19	30.19	23.90	1
	275.62	89.83	46.26	1
	326.45	62.49	77.09	1
	321.01	111.32	17.87	1
	295.84	29.50	26.02	1
	323.00	45.01	0.00	1
	308.46	98.92	31.88	1
	286.71	28.27	32.57	1
	317.22	11.38	123.89	1
	270.54	92.59	63.76	1
	307.94	31.99	17.91	1
	312.41	76.38	64.42	1
	313.50	33.59	14.37	1
	277.97	51.59	13.47	1
	330.33	57.89	80.42	1
	315.89	73.37	67.62	1
	286.31	28.18	122.97	1
	324.26	37.23	98.30	1
	345.95	48.09	0.65	1
	324.66	64.38	75.58	1
	341.52	58.29	85.66	1
	328.22	36.92	97.10	1
	326.42	62.46	77.08	1
	319.79	109.93	19.13	1
	270.17	85.25	21.82	1
	270.84	94.00	65.41	1
	270.00	89.90	41.03	1
	283.47	89.04	47.88	1
	307.71	90.01	45.00	1
	345.64	49.81	0.76	1
	310.58	101.81	27.83	1
	312.41	76.44	64.31	1
	294.38	29.19	117.18	1
	300.91	30.68	22.10	1
	270.00	27.36	45.00	1
	345.47	48.43	88.25	1
	343.85	39.38	2.21	1
	315.35	73.88	67.09	1
	327.95	56.88	80.71	1
	270.15	89.54	36.54	1
	281.16	52.00	100.19	1
	317.05	34.69	102.26	1
	337.40	48.29	88.33	1
	316.71	72.63	68.36	1
	12.76	68.30	97.92	1
	294.69	35.71	75.60	1
	270.59	87.65	27.02	1
	350.65	51.38	0.43	1
	357.65	58.46	90.90	1
	319.15	70.30	70.58	1
	294.59	88.70	48.23	1
	310.04	101.76	27.73	1
	270.00	27.37	45.00	1
	347.21	47.60	0.53	1
	317.37	72.01	68.96	1
	326.95	61.89	77.53	1
	17.57	50.72	2.92	1
	359.73	38.10	0.15	1
	305.13	31.28	109.78	1
	6.03	47.77	0.37	1
	347.99	47.47	0.47	1
	276.08	27.48	40.49	1
	270.93	23.46	131.50	1
	329.79	45.30	0.05	1
	280.08	27.69	37.49	1
	289.27	28.49	120.84	1
	318.58	109.12	19.96	1
	19.36	49.84	2.68	1
	270.88	80.51	19.70	1
	353.65	78.28	34.97	1
	311.83	76.74	64.17	1
	270.17	90.50	53.81	1
	320.92	68.50	72.19	1
	357.28	28.75	89.64	1
	345.16	48.45	88.19	1
	275.98	27.47	130.57	1
	342.30	39.38	92.54	1
	270.00	27.37	45.00	1
	270.02	89.78	39.00	1
	276.00	27.48	40.54	1
	293.70	92.06	40.40	1
	270.00	27.36	135.00	1
	307.48	80.11	59.93	1
	314.06	74.99	65.94	1
	306.89	19.24	45.76	1
	320.00	69.43	71.36	1
	332.39	56.23	81.90	1
	289.83	79.19	1.43	1
	277.96	27.55	39.11	1
	355.51	45.22	0.05	1
	277.26	27.52	39.62	1
	270.04	89.91	41.13	1
	359.08	70.06	93.75	1
	297.30	94.49	37.09	1
	13.29	51.15	1.87	1
	321.63	111.33	17.69	1
	294.92	79.88	0.24	1
	352.13	50.85	89.25	1
	277.06	79.29	15.94	1
	307.60	99.23	31.21	1
	334.20	55.00	83.08	1
	332.37	40.84	93.10	1
	312.06	105.80	22.33	1
	329.88	45.85	0.10	1
	279.66	27.66	37.81	1
	297.41	29.69	115.05	1
	338.46	14.45	108.71	1
	303.81	31.30	110.18	1
	334.18	52.51	83.96	1
	316.97	72.38	68.60	1
	320.60	34.82	100.76	1
	316.66	72.67	68.32	1
	270.45	91.03	57.31	1
	280.97	11.44	105.23	1
	302.85	82.88	56.52	1
	270.00	27.36	45.00	1
	270.06	90.98	57.20	1
	356.20	66.84	91.59	1
	319.36	70.10	70.77	1
	300.53	30.30	112.87	1
	326.53	62.38	77.16	1
	20.97	56.38	95.05	1
	27.40	56.27	8.00	1
	315.64	106.40	112.61	1
	277.44	101.54	166.70	1
	298.19	149.81	156.10	1
	275.62	90.17	133.74	1
	326.45	117.51	102.91	1
	321.01	68.68	162.13	1
	295.84	150.50	153.98	1
	323.00	134.99	180.00	1
	308.46	81.08	148.12	1
	286.71	151.73	147.43	1
	317.22	168.62	56.11	1
	270.54	87.41	116.24	1
	307.94	148.01	162.09	1
	312.41	103.62	115.58	1
	313.50	146.41	165.63	1
	277.97	128.41	166.53	1
	330.33	122.11	99.58	1
	315.89	106.63	112.38	1
	286.31	151.82	57.03	1
	324.26	142.77	81.70	1
	345.95	131.91	179.35	1
	324.66	115.62	104.42	1
	341.52	121.71	94.34	1
	328.22	143.08	82.90	1
	326.42	117.54	102.92	1
	319.79	70.07	160.87	1
	270.17	94.75	158.18	1
	270.84	86.00	114.59	1
	270.00	90.10	138.97	1
	283.47	90.96	132.12	1
	307.71	89.99	135.00	1
	345.64	130.19	179.24	1
	310.58	78.19	152.17	1
	312.41	103.56	115.69	1
	294.38	150.81	62.82	1
	300.91	149.32	157.90	1
	270.00	152.64	135.00	1
	345.47	131.57	91.75	1
	343.85	140.62	177.79	1
	315.35	106.12	112.91	1
	327.95	123.12	99.29	1
	270.15	90.46	143.46	1
	281.16	128.00	79.81	1
	317.05	145.31	77.74	1
	337.40	131.71	91.67	1
	316.71	107.37	111.64	1
	12.76	111.70	82.08	1
	294.69	144.29	104.40	1
	270.59	92.35	152.98	1
	350.65	128.62	179.57	1
	357.65	121.54	89.10	1
	319.15	109.70	109.42	1
	294.59	91.30	131.77	1
	310.04	78.24	152.27	1
	270.00	152.63	135.00	1
	347.21	132.40	179.47	1
	317.37	107.99	111.04	1
	326.95	118.11	102.47	1
	17.57	129.28	177.08	1
	359.73	141.90	179.85	1
	305.13	148.72	70.22	1
	6.03	132.23	179.63	1
	347.99	132.53	179.53	1
	276.08	152.52	139.51	1
	270.93	156.54	48.50	1
	329.79	134.70	179.95	1
	280.08	152.31	142.51	1
	289.27	151.51	59.16	1
	318.58	70.88	160.04	1
	19.36	130.16	177.32	1
	270.88	99.49	160.30	1
	353.65	101.72	145.03	1
	311.83	103.26	115.83	1
	270.17	89.50	126.19	1
	320.92	111.50	107.81	1
	357.28	151.25	90.36	1
	345.16	131.55	91.81	1
	275.98	152.53	49.43	1
	342.30	140.62	87.46	1
	270.00	152.63	135.00	1
	270.02	90.22	141.00	1
	275.99	152.52	139.45	1
	293.70	87.94	139.60	1
	270.00	152.64	45.00	1
	307.48	99.89	120.07	1
	314.06	105.01	114.06	1
	306.89	160.76	134.24	1
	320.00	110.57	108.64	1
	332.39	123.77	98.10	1
	289.83	100.81	178.57	1
	277.96	152.45	140.89	1
	355.51	134.78	179.95	1
	277.26	152.48	140.37	1
	270.04	90.09	138.87	1
	359.08	109.94	86.25	1
	297.30	85.51	142.91	1
	13.29	128.85	178.13	1
	321.63	68.67	162.31	1
	294.92	100.12	179.76	1
	352.13	129.15	90.75	1
	277.06	100.71	164.06	1
	307.60	80.77	148.79	1
	334.20	125.00	96.92	1
	332.37	139.16	86.90	1
	312.06	74.20	157.67	1
	329.88	134.15	179.90	1
	279.66	152.34	142.19	1
	297.41	150.31	64.95	1
	338.46	165.55	71.29	1
	303.81	148.70	69.82	1
	334.18	127.49	96.04	1
	316.97	107.62	111.40	1
	320.60	145.18	79.24	1
	316.66	107.33	111.68	1
	270.45	88.97	122.69	1
	280.97	168.56	74.77	1
	302.85	97.12	123.48	1
	270.00	152.64	135.00	1
	270.06	89.02	122.80	1
	356.20	113.16	88.41	1
	319.36	109.90	109.23	1
	300.53	149.70	67.13	1
	326.53	117.62	102.84	1
	20.97	123.62	84.95	1
	27.40	123.73	172.00	1
	47.31	76.15	115.33	1
	55.29	98.10	147.62	1
	63.02	141.47	168.80	1
	90.00	90.01	133.82	1
	32.64	118.54	77.88	1
	39.20	111.30	162.04	1
	67.41	146.25	169.71	1
	62.68	142.40	167.00	1
	43.44	107.23	158.22	1
	64.09	143.12	168.27	1
	322.75	165.97	55.91	1
	87.10	100.05	108.46	1
	39.40	135.48	179.96	1
	47.61	76.39	115.59	1
	37.93	135.37	179.94	1
	56.06	108.13	162.66	1
	333.64	125.43	97.08	1
	39.28	111.44	72.11	1
	43.82	162.94	141.72	1
	0.87	136.77	90.00	1
	31.69	119.79	168.72	1
	10.84	133.56	89.21	1
	332.80	123.38	97.97	1
	17.92	141.04	92.67	1
	29.09	122.74	80.88	1
	38.73	111.85	162.50	1
	89.90	80.64	160.76	1
	87.38	99.93	108.70	1
	89.97	89.90	138.95	1
	78.77	89.32	132.43	1
	11.04	99.67	124.41	1
	38.13	112.48	163.03	1
	45.10	105.73	156.69	1
	47.85	76.67	115.94	1
	358.35	141.76	90.17	1
	37.92	135.01	179.95	1
	78.46	152.52	127.10	1
	349.89	132.33	90.86	1
	39.47	135.53	179.92	1
	50.50	79.56	119.71	1
	36.77	143.23	98.88	1
	89.81	89.57	143.15	1
	82.35	124.65	100.23	1
	22.53	138.94	93.17	1
	333.02	125.14	97.45	1
	47.72	76.53	115.78	1
	2.47	105.49	92.78	1
	66.60	150.96	117.87	1
	89.15	81.58	159.99	1
	28.80	122.28	170.94	1
	357.18	121.14	89.30	1
	44.14	73.48	112.51	1
	66.31	88.82	131.82	1
	47.20	103.95	154.78	1
	79.03	152.34	127.01	1
	27.32	124.85	172.32	1
	49.31	78.43	118.24	1
	33.40	117.71	77.22	1
	29.89	121.75	170.21	1
	359.03	141.66	179.90	1
	13.26	139.06	91.42	1
	17.36	130.47	177.38	1
	28.34	123.57	171.48	1
	78.55	152.27	126.57	1
	329.60	166.50	59.71	1
	36.51	114.24	164.49	1
	61.46	140.05	164.66	1
	40.45	145.22	101.20	1
	40.07	110.48	161.28	1
	23.50	127.72	174.75	1
	89.69	88.41	149.90	1
	343.72	101.07	139.83	1
	89.99	90.16	129.96	1
	89.87	90.36	127.46	1
	29.83	121.29	80.14	1
	323.48	144.61	80.61	1
	5.27	132.73	89.72	1
	355.91	167.33	82.99	1
	355.34	141.26	89.76	1
	77.95	155.92	141.39	1
	89.99	89.76	141.19	1
	66.06	144.83	167.44	1
	56.07	97.63	146.96	1
	42.28	145.78	102.22	1
	56.36	97.08	145.85	1
	52.21	80.39	120.63	1
	43.97	163.46	139.79	1
	40.46	141.31	97.08	1
	345.15	130.26	92.05	1
	89.40	88.67	148.79	1
	89.18	152.63	134.39	1
	32.34	134.65	179.75	1
	79.61	152.35	127.37	1
	84.15	90.27	138.60	1
	331.05	122.28	99.15	1
	61.89	94.81	143.32	1
	31.30	120.10	169.03	1
	39.21	111.34	162.06	1
	60.92	66.28	177.40	1
	354.39	128.75	90.38	1
	58.33	96.55	145.88	1
	48.44	102.93	153.62	1
	332.91	123.97	97.79	1
	3.14	136.80	90.11	1
	88.16	79.85	161.64	1
	40.51	110.05	160.90	1
	63.58	142.17	163.46	1
	356.89	141.08	89.96	1
	322.26	145.07	169.95	1
	345.62	139.25	88.36	1
	359.31	133.80	90.00	1
	34.79	116.97	76.56	1
	356.52	149.98	87.00	1
	46.88	75.79	114.92	1
	89.45	91.38	120.92	1
	79.90	162.52	170.65	1
	85.45	104.08	98.68	1
	330.49	148.32	81.72	1
	89.58	90.94	123.20	1
	358.64	113.02	87.17	1
	41.19	70.65	109.74	1
	41.69	145.00	101.59	1
	25.67	125.46	83.25	1
	24.57	89.45	100.06	1
	27.34	123.22	171.92	1
