This file is created for TexTools software, Resmat Corp 
ODF file name: solodf.HODF 

B	500	0 
	46.44	104.58	65.47	1
	53.09	80.51	30.61	1
	60.25	41.42	19.19	1
	90.00	90.00	45.70	1
	33.93	62.88	103.24	1
	39.58	69.03	18.27	1
	60.30	40.95	16.48	1
	60.98	40.07	20.75	1
	43.17	72.51	21.53	1
	62.73	38.30	19.72	1
	340.30	12.05	109.94	1
	84.44	78.94	73.81	1
	37.75	44.82	0.02	1
	46.69	104.37	65.24	1
	36.99	44.83	0.02	1
	47.36	73.57	21.70	1
	331.37	56.71	81.26	1
	39.56	68.97	108.23	1
	40.54	17.15	43.56	1
	1.39	43.94	89.98	1
	33.09	61.87	12.50	1
	14.61	47.06	91.49	1
	330.47	58.11	80.44	1
	23.47	39.74	86.59	1
	30.88	59.27	100.59	1
	39.16	68.58	17.89	1
	88.48	99.54	18.90	1
	84.91	79.07	73.40	1
	89.99	90.04	42.59	1
	74.50	91.17	47.66	1
	15.58	81.89	53.62	1
	38.65	68.05	17.42	1
	44.58	73.80	22.82	1
	46.94	104.14	64.98	1
	357.56	40.80	90.05	1
	36.82	44.99	0.00	1
	79.87	27.62	52.41	1
	346.11	47.62	88.53	1
	37.82	44.80	0.01	1
	49.61	101.67	61.99	1
	42.66	34.86	77.95	1
	89.99	90.17	39.84	1
	79.50	52.66	79.53	1
	25.88	42.09	88.34	1
	330.92	57.13	80.92	1
	46.81	104.25	65.11	1
	356.48	71.08	87.77	1
	69.89	28.60	59.78	1
	88.31	99.73	18.46	1
	30.78	59.36	10.55	1
	358.20	54.26	90.41	1
	43.80	106.89	67.88	1
	62.53	91.28	47.63	1
	46.34	75.34	24.44	1
	80.60	27.62	51.94	1
	29.35	57.42	9.30	1
	48.50	102.66	63.21	1
	34.58	63.62	103.81	1
	31.57	60.11	11.19	1
	359.55	40.84	0.04	1
	18.39	41.36	87.75	1
	22.33	48.92	2.17	1
	30.25	58.53	10.06	1
	80.21	27.65	52.24	1
	1.42	9.85	86.80	1
	37.25	66.57	16.17	1
	65.65	35.26	11.81	1
	46.21	33.51	75.71	1
	40.30	69.75	18.92	1
	26.30	54.31	6.98	1
	89.77	90.67	34.92	1
	346.62	80.35	36.18	1
	89.97	89.94	48.11	1
	89.99	89.86	49.75	1
	31.62	60.30	101.26	1
	317.44	34.44	102.23	1
	7.88	46.62	90.47	1
	332.40	20.00	110.03	1
	352.60	41.22	90.56	1
	76.79	26.65	51.13	1
	89.96	90.09	41.14	1
	63.84	37.20	10.92	1
	53.74	80.95	31.19	1
	47.93	33.01	74.65	1
	54.19	81.43	31.96	1
	50.82	100.89	61.09	1
	42.44	16.40	42.84	1
	43.61	36.63	80.07	1
	340.63	49.60	87.44	1
	89.96	90.54	35.77	1
	89.30	27.37	45.52	1
	33.33	45.41	0.37	1
	81.12	27.60	51.57	1
	81.18	89.55	42.59	1
	329.12	59.43	79.38	1
	58.41	83.68	34.87	1
	32.78	61.54	12.23	1
	39.57	69.01	18.26	1
	40.30	121.57	2.03	1
	351.45	48.87	89.24	1
	55.44	81.98	32.46	1
	47.40	76.22	25.42	1
	330.64	57.77	80.62	1
	4.89	43.85	89.82	1
	85.95	100.49	17.02	1
	40.67	70.11	19.25	1
	60.74	40.64	15.39	1
	355.07	41.33	90.29	1
	316.28	34.05	12.91	1
	340.28	41.06	92.58	1
	358.91	45.71	89.99	1
	35.49	64.39	104.46	1
	357.77	34.86	89.71	1
	46.07	104.89	65.81	1
	89.98	89.43	54.45	1
	65.16	18.19	26.77	1
	82.45	75.85	80.98	1
	323.65	34.35	99.76	1
	89.99	89.62	52.74	1
	4.12	61.09	90.17	1
	41.26	109.30	70.21	1
	47.32	33.35	75.12	1
	28.16	56.40	98.42	1
	26.87	93.69	78.59	1
	29.66	58.25	9.66	1
	316.06	73.22	67.76	1
	277.13	77.45	11.40	1
	294.45	29.32	26.93	1
	278.39	89.69	46.06	1
	325.28	63.77	76.08	1
	320.54	111.07	18.18	1
	292.27	28.91	28.64	1
	323.73	45.00	0.01	1
	309.16	100.34	29.78	1
	284.29	28.00	34.42	1
	1.28	9.04	83.94	1
	270.35	91.18	58.18	1
	303.10	30.85	21.11	1
	313.33	75.62	65.26	1
	308.21	32.12	17.71	1
	278.19	55.43	9.66	1
	328.63	59.84	79.00	1
	316.27	73.03	67.96	1
	283.94	27.95	124.70	1
	318.33	35.23	101.47	1
	346.07	47.93	0.63	1
	323.78	65.42	74.76	1
	336.64	55.53	84.08	1
	322.02	35.91	99.71	1
	325.27	63.77	76.07	1
	319.42	109.92	19.21	1
	271.05	87.69	27.59	1
	270.25	91.63	60.07	1
	270.01	89.96	42.58	1
	288.02	88.38	48.28	1
	306.67	90.01	45.00	1
	346.18	48.85	0.67	1
	311.58	102.83	26.54	1
	313.29	75.67	65.19	1
	290.97	28.71	119.60	1
	296.88	29.72	25.22	1
	270.00	27.37	45.00	1
	340.86	48.61	88.06	1
	338.15	40.06	3.30	1
	315.80	73.47	67.52	1
	327.58	59.23	79.19	1
	270.03	89.82	39.62	1
	281.63	54.52	98.02	1
	311.52	33.04	105.59	1
	333.78	47.84	88.09	1
	316.96	72.39	68.59	1
	22.02	59.21	96.06	1
	297.27	38.43	77.46	1
	270.19	88.94	32.46	1
	349.84	49.13	0.43	1
	359.02	53.97	90.50	1
	319.03	70.41	70.48	1
	298.18	88.30	48.12	1
	311.34	102.75	26.58	1
	270.00	27.37	45.00	1
	346.81	47.52	0.55	1
	317.52	71.86	69.10	1
	325.71	63.28	76.46	1
	22.18	50.09	3.11	1
	359.70	40.68	0.18	1
	300.54	30.31	112.86	1
	8.92	47.00	0.63	1
	347.33	47.35	0.51	1
	275.18	27.45	41.16	1
	270.02	26.89	134.76	1
	328.01	45.10	0.04	1
	278.58	27.59	38.63	1
	286.51	28.19	122.83	1
	318.54	109.11	19.97	1
	23.60	49.50	2.95	1
	272.29	79.82	18.70	1
	343.19	82.53	38.03	1
	312.92	75.94	64.93	1
	270.02	90.20	50.62	1
	320.55	68.88	71.85	1
	358.87	33.88	89.14	1
	340.60	48.74	87.90	1
	275.09	27.44	131.23	1
	336.89	40.03	93.16	1
	270.00	27.37	45.00	1
	270.03	89.91	41.27	1
	275.10	27.45	41.22	1
	297.62	93.13	39.71	1
	270.00	27.37	135.00	1
	309.19	78.90	61.44	1
	314.72	74.42	66.54	1
	286.79	21.88	64.85	1
	319.77	69.67	71.14	1
	330.26	58.10	80.33	1
	293.88	79.54	0.38	1
	276.79	27.50	39.97	1
	353.80	45.32	0.10	1
	276.19	27.48	40.41	1
	270.00	89.97	42.64	1
	4.24	65.11	89.69	1
	300.93	95.98	35.34	1
	17.58	50.29	2.84	1
	320.85	111.29	17.95	1
	296.74	79.79	0.26	1
	348.52	48.97	88.76	1
	276.75	78.17	12.54	1
	308.90	100.56	29.36	1
	331.68	56.69	81.43	1
	327.26	39.85	95.13	1
	314.41	105.63	23.19	1
	328.25	45.34	0.03	1
	278.22	27.57	38.90	1
	293.64	29.09	117.70	1
	17.65	17.43	73.32	1
	299.50	30.21	113.40	1
	332.15	55.29	82.05	1
	317.19	72.18	68.80	1
	314.75	33.71	103.76	1
	316.92	72.43	68.56	1
	270.01	90.42	53.12	1
	270.43	21.49	128.59	1
	305.47	81.43	58.24	1
	270.00	27.37	45.00	1
	270.17	90.42	53.04	1
	0.40	60.90	92.02	1
	319.21	70.23	70.64	1
	296.41	29.54	115.73	1
	325.35	63.69	76.14	1
	25.04	55.46	96.67	1
	29.60	58.02	9.58	1
	316.06	106.78	112.24	1
	277.13	102.55	168.60	1
	294.45	150.68	153.07	1
	278.39	90.31	133.94	1
	325.28	116.23	103.92	1
	320.54	68.93	161.82	1
	292.27	151.09	151.36	1
	323.73	135.00	179.99	1
	309.16	79.66	150.22	1
	284.29	152.00	145.58	1
	1.28	170.96	96.06	1
	270.35	88.82	121.82	1
	303.10	149.15	158.89	1
	313.33	104.38	114.74	1
	308.21	147.88	162.29	1
	278.19	124.57	170.34	1
	328.63	120.16	101.00	1
	316.27	106.97	112.04	1
	283.94	152.05	55.30	1
	318.33	144.77	78.53	1
	346.07	132.07	179.37	1
	323.78	114.58	105.24	1
	336.64	124.47	95.92	1
	322.02	144.09	80.29	1
	325.27	116.23	103.93	1
	319.42	70.08	160.79	1
	271.05	92.31	152.41	1
	270.25	88.37	119.93	1
	270.01	90.04	137.42	1
	288.02	91.62	131.72	1
	306.67	89.99	135.00	1
	346.18	131.15	179.33	1
	311.58	77.17	153.46	1
	313.29	104.33	114.81	1
	290.97	151.29	60.40	1
	296.88	150.28	154.78	1
	270.00	152.63	135.00	1
	340.86	131.39	91.94	1
	338.15	139.94	176.70	1
	315.80	106.53	112.48	1
	327.58	120.77	100.81	1
	270.03	90.18	140.38	1
	281.63	125.48	81.98	1
	311.52	146.96	74.41	1
	333.78	132.16	91.91	1
	316.96	107.61	111.41	1
	22.02	120.79	83.94	1
	297.27	141.57	102.54	1
	270.19	91.06	147.54	1
	349.84	130.87	179.57	1
	359.02	126.03	89.50	1
	319.03	109.59	109.52	1
	298.18	91.70	131.88	1
	311.34	77.25	153.42	1
	270.00	152.63	135.00	1
	346.81	132.48	179.45	1
	317.52	108.14	110.90	1
	325.71	116.72	103.54	1
	22.18	129.91	176.89	1
	359.70	139.32	179.82	1
	300.54	149.69	67.14	1
	8.92	133.00	179.37	1
	347.33	132.65	179.49	1
	275.18	152.55	138.84	1
	270.02	153.11	45.24	1
	328.01	134.90	179.96	1
	278.58	152.41	141.37	1
	286.51	151.81	57.17	1
	318.54	70.89	160.03	1
	23.60	130.50	177.05	1
	272.29	100.18	161.30	1
	343.19	97.47	141.97	1
	312.92	104.06	115.07	1
	270.02	89.80	129.38	1
	320.55	111.12	108.15	1
	358.87	146.12	90.86	1
	340.60	131.26	92.10	1
	275.09	152.56	48.77	1
	336.89	139.97	86.84	1
	270.00	152.63	135.00	1
	270.03	90.09	138.73	1
	275.10	152.55	138.78	1
	297.62	86.87	140.29	1
	270.00	152.63	45.00	1
	309.19	101.10	118.56	1
	314.72	105.58	113.46	1
	286.79	158.12	115.15	1
	319.77	110.33	108.86	1
	330.26	121.90	99.67	1
	293.88	100.46	179.62	1
	276.78	152.50	140.03	1
	353.80	134.68	179.90	1
	276.18	152.52	139.58	1
	270.00	90.03	137.36	1
	4.24	114.89	90.31	1
	300.93	84.02	144.66	1
	17.58	129.71	177.16	1
	320.85	68.71	162.05	1
	296.74	100.21	179.74	1
	348.52	131.03	91.24	1
	276.75	101.83	167.46	1
	308.90	79.44	150.64	1
	331.68	123.31	98.57	1
	327.26	140.15	84.87	1
	314.41	74.37	156.81	1
	328.25	134.66	179.97	1
	278.22	152.43	141.10	1
	293.64	150.91	62.30	1
	17.65	162.57	106.68	1
	299.50	149.79	66.60	1
	332.15	124.71	97.95	1
	317.19	107.82	111.20	1
	314.75	146.29	76.24	1
	316.92	107.57	111.44	1
	270.01	89.58	126.88	1
	270.43	158.51	51.41	1
	305.47	98.57	121.76	1
	270.00	152.63	135.00	1
	270.17	89.58	126.96	1
	0.40	119.10	87.98	1
	319.21	109.77	109.36	1
	296.41	150.46	64.27	1
	325.35	116.31	103.86	1
	25.04	124.54	83.33	1
	29.60	121.98	170.42	1
	46.44	75.42	114.53	1
	53.09	99.49	149.39	1
	60.25	138.58	160.81	1
	90.00	90.00	134.30	1
	33.93	117.12	76.76	1
	39.58	110.97	161.73	1
	60.30	139.05	163.52	1
	60.98	139.93	159.25	1
	43.17	107.49	158.47	1
	62.73	141.70	160.28	1
	340.30	167.95	70.06	1
	84.44	101.06	106.19	1
	37.75	135.18	179.98	1
	46.69	75.63	114.76	1
	36.99	135.17	179.98	1
	47.36	106.43	158.30	1
	331.37	123.29	98.74	1
	39.56	111.03	71.77	1
	40.54	162.85	136.44	1
	1.39	136.06	90.02	1
	33.09	118.13	167.50	1
	14.61	132.94	88.51	1
	330.47	121.89	99.56	1
	23.47	140.26	93.41	1
	30.88	120.73	79.41	1
	39.16	111.42	162.11	1
	88.48	80.46	161.10	1
	84.91	100.93	106.60	1
	89.99	89.96	137.41	1
	74.50	88.83	132.34	1
	15.58	98.11	126.38	1
	38.65	111.95	162.58	1
	44.58	106.20	157.18	1
	46.94	75.86	115.02	1
	357.56	139.20	89.95	1
	36.82	135.01	180.00	1
	79.87	152.38	127.59	1
	346.11	132.38	91.47	1
	37.82	135.20	179.99	1
	49.61	78.33	118.01	1
	42.66	145.14	102.05	1
	89.99	89.83	140.16	1
	79.50	127.34	100.47	1
	25.88	137.91	91.66	1
	330.92	122.87	99.08	1
	46.81	75.75	114.89	1
	356.48	108.92	92.23	1
	69.89	151.40	120.22	1
	88.31	80.27	161.54	1
	30.78	120.64	169.45	1
	358.20	125.74	89.59	1
	43.80	73.11	112.12	1
	62.53	88.72	132.37	1
	46.34	104.66	155.56	1
	80.60	152.38	128.06	1
	29.35	122.58	170.70	1
	48.50	77.34	116.79	1
	34.58	116.38	76.19	1
	31.57	119.89	168.81	1
	359.55	139.16	179.96	1
	18.39	138.64	92.25	1
	22.33	131.08	177.83	1
	30.25	121.47	169.94	1
	80.21	152.35	127.76	1
	1.42	170.15	93.20	1
	37.25	113.43	163.83	1
	65.65	144.74	168.19	1
	46.21	146.49	104.29	1
	40.30	110.25	161.08	1
	26.30	125.69	173.02	1
	89.77	89.33	145.08	1
	346.62	99.65	143.82	1
	89.97	90.06	131.89	1
	89.99	90.14	130.25	1
	31.62	119.70	78.74	1
	317.44	145.56	77.77	1
	7.88	133.38	89.53	1
	332.40	160.00	69.97	1
	352.60	138.78	89.44	1
	76.79	153.35	128.87	1
	89.96	89.91	138.86	1
	63.84	142.80	169.08	1
	53.74	99.05	148.81	1
	47.93	146.99	105.35	1
	54.19	98.57	148.04	1
	50.82	79.11	118.91	1
	42.44	163.60	137.16	1
	43.61	143.37	99.93	1
	340.63	130.40	92.56	1
	89.96	89.46	144.23	1
	89.30	152.63	134.48	1
	33.33	134.59	179.63	1
	81.12	152.40	128.43	1
	81.18	90.45	137.41	1
	329.12	120.57	100.62	1
	58.41	96.32	145.13	1
	32.78	118.46	167.77	1
	39.57	110.99	161.74	1
	40.30	58.43	177.97	1
	351.45	131.13	90.76	1
	55.44	98.02	147.54	1
	47.40	103.78	154.58	1
	330.64	122.23	99.38	1
	4.89	136.15	90.18	1
	85.95	79.51	162.98	1
	40.67	109.89	160.75	1
	60.74	139.36	164.61	1
	355.07	138.67	89.71	1
	316.28	145.95	167.09	1
	340.28	138.94	87.42	1
	358.91	134.29	90.01	1
	35.49	115.61	75.54	1
	357.77	145.14	90.29	1
	46.07	75.11	114.19	1
	89.98	90.57	125.55	1
	65.16	161.81	153.23	1
	82.45	104.15	99.02	1
	323.65	145.65	80.24	1
	89.99	90.38	127.26	1
	4.12	118.91	89.83	1
	41.26	70.70	109.79	1
	47.32	146.65	104.88	1
	28.16	123.60	81.58	1
	26.87	86.31	101.41	1
	29.66	121.75	170.34	1
