This file is created for TexTools software, Resmat Corp 
ODF file name: solodf.HODF 

B	500	0 
	46.44	104.58	65.47	1
	53.09	80.51	30.61	1
	60.25	41.42	19.19	1
	98.39	89.69	46.06	1
	33.93	62.88	103.24	1
	39.58	69.03	18.27	1
	60.30	40.95	16.48	1
	60.98	40.07	20.75	1
	43.17	72.51	21.53	1
	134.56	36.76	9.99	1
	6.60	17.99	78.14	1
	95.38	84.89	73.80	1
	56.90	30.85	338.89	1
	46.69	104.37	65.24	1
	53.80	32.08	341.73	1
	47.36	73.57	21.70	1
	331.37	56.71	81.26	1
	39.56	68.97	108.23	1
	40.54	17.15	43.56	1
	1.39	43.94	89.98	1
	33.09	61.87	12.50	1
	14.61	47.06	91.49	1
	330.47	58.11	80.44	1
	23.47	39.74	86.59	1
	30.88	59.27	100.59	1
	39.16	68.58	17.89	1
	95.54	95.72	19.07	1
	134.37	74.60	66.46	1
	102.13	90.80	42.17	1
	74.50	91.17	47.66	1
	15.58	81.89	53.62	1
	38.65	68.05	17.42	1
	44.58	73.80	22.82	1
	46.94	104.14	64.98	1
	357.56	40.80	90.05	1
	36.47	45.00	359.99	1
	79.87	27.62	52.41	1
	346.11	47.62	88.53	1
	62.69	29.75	334.99	1
	49.61	101.67	61.99	1
	42.66	34.86	77.95	1
	91.03	90.66	35.40	1
	79.50	52.66	79.53	1
	25.88	42.09	88.34	1
	330.92	57.13	80.92	1
	46.81	104.25	65.11	1
	356.48	71.08	87.77	1
	69.89	28.60	59.78	1
	121.21	96.64	33.18	1
	30.78	59.36	10.55	1
	358.20	54.26	90.41	1
	43.80	106.89	67.88	1
	62.53	91.28	47.63	1
	46.34	75.34	24.44	1
	80.60	27.62	51.94	1
	29.35	57.42	9.30	1
	48.50	102.66	63.21	1
	34.58	63.62	103.81	1
	31.57	60.11	11.19	1
	0.54	40.85	0.11	1
	18.39	41.36	87.75	1
	22.33	48.92	2.17	1
	30.25	58.53	10.06	1
	80.21	27.65	52.24	1
	86.13	13.74	335.04	1
	37.25	66.57	16.17	1
	98.58	27.59	38.63	1
	46.21	33.51	75.71	1
	40.30	69.75	18.92	1
	26.30	54.31	6.98	1
	95.05	90.87	22.05	1
	346.62	80.35	36.18	1
	103.28	88.99	48.48	1
	91.90	90.21	53.33	1
	31.62	60.30	101.26	1
	317.44	34.44	102.23	1
	7.88	46.62	90.47	1
	332.40	20.00	110.03	1
	352.60	41.22	90.56	1
	99.93	27.61	307.75	1
	92.46	90.04	41.20	1
	63.84	37.20	10.92	1
	53.74	80.95	31.19	1
	47.93	33.01	74.65	1
	54.19	81.43	31.96	1
	50.82	100.89	61.09	1
	42.44	16.40	42.84	1
	43.61	36.63	80.07	1
	340.63	49.60	87.44	1
	124.23	97.93	32.34	1
	89.30	27.37	45.52	1
	33.33	45.41	0.37	1
	81.12	27.60	51.57	1
	81.18	89.55	42.59	1
	329.12	59.43	79.38	1
	58.41	83.68	34.87	1
	32.78	61.54	12.23	1
	39.57	69.01	18.26	1
	86.88	92.78	348.70	1
	351.45	48.87	89.24	1
	55.44	81.98	32.46	1
	47.40	76.22	25.42	1
	330.64	57.77	80.62	1
	4.89	43.85	89.82	1
	134.19	105.30	23.60	1
	40.67	70.11	19.25	1
	109.15	28.54	30.81	1
	355.07	41.33	90.29	1
	316.28	34.05	12.91	1
	340.28	41.06	92.58	1
	358.91	45.71	89.99	1
	35.49	64.39	104.46	1
	357.77	34.86	89.71	1
	46.07	104.89	65.81	1
	94.62	85.03	69.65	1
	86.10	27.41	317.89	1
	82.45	75.85	80.98	1
	326.12	35.12	98.52	1
	134.28	74.45	66.75	1
	4.12	61.09	90.17	1
	41.26	109.30	70.21	1
	47.32	33.35	75.12	1
	28.16	56.40	98.42	1
	26.87	93.69	78.59	1
	29.66	58.25	9.66	1
	226.44	104.58	65.47	1
	233.09	80.51	30.61	1
	240.25	41.42	19.19	1
	278.39	89.69	46.06	1
	213.93	62.88	103.24	1
	219.58	69.03	18.27	1
	240.30	40.95	16.48	1
	240.98	40.07	20.75	1
	223.17	72.51	21.53	1
	314.56	36.76	9.99	1
	186.60	17.99	78.14	1
	275.38	84.89	73.80	1
	236.90	30.85	338.89	1
	226.69	104.37	65.24	1
	233.80	32.08	341.73	1
	227.36	73.57	21.70	1
	151.37	56.71	81.26	1
	219.56	68.97	108.23	1
	220.54	17.15	43.56	1
	181.39	43.94	89.98	1
	213.09	61.87	12.50	1
	194.61	47.06	91.49	1
	150.47	58.11	80.44	1
	203.47	39.74	86.59	1
	210.88	59.27	100.59	1
	219.16	68.58	17.89	1
	275.54	95.72	19.07	1
	314.37	74.60	66.46	1
	282.13	90.80	42.17	1
	254.50	91.17	47.66	1
	195.58	81.89	53.62	1
	218.65	68.05	17.42	1
	224.58	73.80	22.82	1
	226.94	104.14	64.98	1
	177.56	40.80	90.05	1
	216.47	45.00	359.99	1
	259.87	27.62	52.41	1
	166.11	47.62	88.53	1
	242.69	29.75	334.99	1
	229.61	101.67	61.99	1
	222.66	34.86	77.95	1
	271.03	90.66	35.40	1
	259.50	52.66	79.53	1
	205.88	42.09	88.34	1
	150.92	57.13	80.92	1
	226.81	104.25	65.11	1
	176.48	71.08	87.77	1
	249.89	28.60	59.78	1
	301.21	96.64	33.18	1
	210.78	59.36	10.55	1
	178.20	54.26	90.41	1
	223.80	106.89	67.88	1
	242.53	91.28	47.63	1
	226.34	75.34	24.44	1
	260.60	27.62	51.94	1
	209.35	57.42	9.30	1
	228.50	102.66	63.21	1
	214.58	63.62	103.81	1
	211.57	60.11	11.19	1
	180.54	40.85	0.11	1
	198.39	41.36	87.75	1
	202.33	48.92	2.17	1
	210.25	58.53	10.06	1
	260.21	27.65	52.24	1
	266.13	13.74	335.04	1
	217.25	66.57	16.17	1
	278.58	27.59	38.63	1
	226.21	33.51	75.71	1
	220.30	69.75	18.92	1
	206.30	54.31	6.98	1
	275.05	90.87	22.05	1
	166.62	80.35	36.18	1
	283.28	88.99	48.48	1
	271.90	90.21	53.33	1
	211.62	60.30	101.26	1
	137.44	34.44	102.23	1
	187.88	46.62	90.47	1
	152.40	20.00	110.03	1
	172.60	41.22	90.56	1
	279.93	27.61	307.75	1
	272.46	90.04	41.20	1
	243.84	37.20	10.92	1
	233.74	80.95	31.19	1
	227.93	33.01	74.65	1
	234.19	81.43	31.96	1
	230.82	100.89	61.09	1
	222.44	16.40	42.84	1
	223.61	36.63	80.07	1
	160.63	49.60	87.44	1
	304.23	97.93	32.34	1
	269.30	27.37	45.52	1
	213.33	45.41	0.37	1
	261.12	27.60	51.57	1
	261.18	89.55	42.59	1
	149.12	59.43	79.38	1
	238.41	83.68	34.87	1
	212.78	61.54	12.23	1
	219.57	69.01	18.26	1
	266.88	92.78	348.70	1
	171.45	48.87	89.24	1
	235.44	81.98	32.46	1
	227.40	76.22	25.42	1
	150.64	57.77	80.62	1
	184.89	43.85	89.82	1
	314.19	105.30	23.60	1
	220.67	70.11	19.25	1
	289.15	28.54	30.81	1
	175.07	41.33	90.29	1
	136.28	34.05	12.91	1
	160.28	41.06	92.58	1
	178.91	45.71	89.99	1
	215.49	64.39	104.46	1
	177.77	34.86	89.71	1
	226.07	104.89	65.81	1
	274.62	85.03	69.65	1
	266.10	27.41	317.89	1
	262.45	75.85	80.98	1
	146.12	35.12	98.52	1
	314.28	74.45	66.75	1
	184.12	61.09	90.17	1
	221.26	109.30	70.21	1
	227.32	33.35	75.12	1
	208.16	56.40	98.42	1
	206.87	93.69	78.59	1
	209.66	58.25	9.66	1
	313.56	75.42	245.47	1
	306.91	99.49	210.61	1
	299.75	138.58	199.19	1
	261.61	90.31	226.06	1
	326.07	117.12	283.24	1
	320.42	110.97	198.27	1
	299.70	139.05	196.48	1
	299.02	139.93	200.75	1
	316.83	107.49	201.53	1
	225.44	143.24	189.99	1
	353.40	162.01	258.14	1
	264.62	95.11	253.80	1
	303.10	149.15	158.89	1
	313.31	75.63	245.24	1
	306.20	147.92	161.73	1
	312.64	106.43	201.70	1
	28.63	123.29	261.26	1
	320.44	111.03	288.23	1
	319.46	162.85	223.56	1
	358.61	136.06	269.98	1
	326.91	118.13	192.50	1
	345.39	132.94	271.49	1
	29.53	121.89	260.44	1
	336.53	140.26	266.59	1
	329.12	120.73	280.59	1
	320.84	111.42	197.89	1
	264.46	84.28	199.07	1
	225.63	105.40	246.46	1
	257.87	89.20	222.17	1
	285.50	88.83	227.66	1
	344.42	98.11	233.62	1
	321.35	111.95	197.42	1
	315.42	106.20	202.82	1
	313.06	75.86	244.98	1
	2.44	139.20	270.05	1
	323.53	135.00	179.99	1
	280.13	152.38	232.41	1
	13.89	132.38	268.53	1
	297.31	150.25	154.99	1
	310.39	78.33	241.99	1
	317.34	145.14	257.95	1
	268.97	89.34	215.40	1
	280.50	127.34	259.53	1
	334.12	137.91	268.34	1
	29.08	122.87	260.92	1
	313.19	75.75	245.11	1
	3.52	108.92	267.77	1
	290.11	151.40	239.78	1
	238.79	83.36	213.18	1
	329.22	120.64	190.55	1
	1.80	125.74	270.41	1
	316.20	73.11	247.88	1
	297.47	88.72	227.63	1
	313.66	104.66	204.44	1
	279.40	152.38	231.94	1
	330.65	122.58	189.30	1
	311.50	77.34	243.21	1
	325.42	116.38	283.81	1
	328.43	119.89	191.19	1
	359.46	139.15	180.11	1
	341.61	138.64	267.75	1
	337.67	131.08	182.17	1
	329.75	121.47	190.06	1
	279.79	152.35	232.24	1
	273.87	166.26	155.04	1
	322.75	113.43	196.17	1
	261.42	152.41	218.63	1
	313.79	146.49	255.71	1
	319.70	110.25	198.92	1
	333.70	125.69	186.98	1
	264.95	89.13	202.05	1
	13.38	99.65	216.18	1
	256.72	91.01	228.48	1
	268.10	89.79	233.33	1
	328.38	119.70	281.26	1
	42.56	145.56	282.23	1
	352.12	133.38	270.47	1
	27.60	160.00	290.03	1
	7.40	138.78	270.56	1
	260.07	152.39	127.75	1
	267.54	89.96	221.20	1
	296.16	142.80	190.92	1
	306.26	99.05	211.19	1
	312.07	146.99	254.65	1
	305.81	98.57	211.96	1
	309.18	79.11	241.09	1
	317.56	163.60	222.84	1
	316.39	143.37	260.07	1
	19.37	130.40	267.44	1
	235.77	82.07	212.34	1
	270.70	152.63	225.52	1
	326.67	134.59	180.37	1
	278.88	152.40	231.57	1
	278.82	90.45	222.59	1
	30.88	120.57	259.38	1
	301.59	96.32	214.87	1
	327.22	118.46	192.23	1
	320.43	110.99	198.26	1
	273.12	87.22	168.70	1
	8.55	131.13	269.24	1
	304.56	98.02	212.46	1
	312.60	103.78	205.42	1
	29.36	122.23	260.62	1
	355.11	136.15	269.82	1
	225.81	74.70	203.60	1
	319.33	109.89	199.25	1
	250.85	151.46	210.81	1
	4.93	138.67	270.29	1
	43.72	145.95	192.91	1
	19.72	138.94	272.58	1
	1.09	134.29	269.99	1
	324.51	115.61	284.46	1
	2.23	145.14	269.71	1
	313.93	75.11	245.81	1
	265.38	94.97	249.65	1
	273.90	152.59	137.89	1
	277.55	104.15	260.98	1
	33.88	144.88	278.52	1
	225.72	105.55	246.75	1
	355.88	118.91	270.17	1
	318.74	70.70	250.21	1
	312.68	146.65	255.12	1
	331.84	123.60	278.42	1
	333.13	86.31	258.59	1
	330.34	121.75	189.66	1
	133.56	75.42	245.47	1
	126.91	99.49	210.61	1
	119.75	138.58	199.19	1
	81.61	90.31	226.06	1
	146.07	117.12	283.24	1
	140.42	110.97	198.27	1
	119.70	139.05	196.48	1
	119.02	139.93	200.75	1
	136.83	107.49	201.53	1
	45.44	143.24	189.99	1
	173.40	162.01	258.14	1
	84.62	95.11	253.80	1
	123.10	149.15	158.89	1
	133.31	75.63	245.24	1
	126.20	147.92	161.73	1
	132.64	106.43	201.70	1
	208.63	123.29	261.26	1
	140.44	111.03	288.23	1
	139.46	162.85	223.56	1
	178.61	136.06	269.98	1
	146.91	118.13	192.50	1
	165.39	132.94	271.49	1
	209.53	121.89	260.44	1
	156.53	140.26	266.59	1
	149.12	120.73	280.59	1
	140.84	111.42	197.89	1
	84.46	84.28	199.07	1
	45.63	105.40	246.46	1
	77.87	89.20	222.17	1
	105.50	88.83	227.66	1
	164.42	98.11	233.62	1
	141.35	111.95	197.42	1
	135.42	106.20	202.82	1
	133.06	75.86	244.98	1
	182.44	139.20	270.05	1
	143.53	135.00	179.99	1
	100.13	152.38	232.41	1
	193.89	132.38	268.53	1
	117.31	150.25	154.99	1
	130.39	78.33	241.99	1
	137.34	145.14	257.95	1
	88.97	89.34	215.40	1
	100.50	127.34	259.53	1
	154.12	137.91	268.34	1
	209.08	122.87	260.92	1
	133.19	75.75	245.11	1
	183.52	108.92	267.77	1
	110.11	151.40	239.78	1
	58.79	83.36	213.18	1
	149.22	120.64	190.55	1
	181.80	125.74	270.41	1
	136.20	73.11	247.88	1
	117.47	88.72	227.63	1
	133.66	104.66	204.44	1
	99.40	152.38	231.94	1
	150.65	122.58	189.30	1
	131.50	77.34	243.21	1
	145.42	116.38	283.81	1
	148.43	119.89	191.19	1
	179.46	139.15	180.11	1
	161.61	138.64	267.75	1
	157.67	131.08	182.17	1
	149.75	121.47	190.06	1
	99.79	152.35	232.24	1
	93.87	166.26	155.04	1
	142.75	113.43	196.17	1
	81.42	152.41	218.63	1
	133.79	146.49	255.71	1
	139.70	110.25	198.92	1
	153.70	125.69	186.98	1
	84.95	89.13	202.05	1
	193.38	99.65	216.18	1
	76.72	91.01	228.48	1
	88.10	89.79	233.33	1
	148.38	119.70	281.26	1
	222.56	145.56	282.23	1
	172.12	133.38	270.47	1
	207.60	160.00	290.03	1
	187.40	138.78	270.56	1
	80.07	152.39	127.75	1
	87.54	89.96	221.20	1
	116.16	142.80	190.92	1
	126.26	99.05	211.19	1
	132.07	146.99	254.65	1
	125.81	98.57	211.96	1
	129.18	79.11	241.09	1
	137.56	163.60	222.84	1
	136.39	143.37	260.07	1
	199.37	130.40	267.44	1
	55.77	82.07	212.34	1
	90.70	152.63	225.52	1
	146.67	134.59	180.37	1
	98.88	152.40	231.57	1
	98.82	90.45	222.59	1
	210.88	120.57	259.38	1
	121.59	96.32	214.87	1
	147.22	118.46	192.23	1
	140.43	110.99	198.26	1
	93.12	87.22	168.70	1
	188.55	131.13	269.24	1
	124.56	98.02	212.46	1
	132.60	103.78	205.42	1
	209.36	122.23	260.62	1
	175.11	136.15	269.82	1
	45.81	74.70	203.60	1
	139.33	109.89	199.25	1
	70.85	151.46	210.81	1
	184.93	138.67	270.29	1
	223.72	145.95	192.91	1
	199.72	138.94	272.58	1
	181.09	134.29	269.99	1
	144.51	115.61	284.46	1
	182.23	145.14	269.71	1
	133.93	75.11	245.81	1
	85.38	94.97	249.65	1
	93.90	152.59	137.89	1
	97.55	104.15	260.98	1
	213.88	144.88	278.52	1
	45.72	105.55	246.75	1
	175.88	118.91	270.17	1
	138.74	70.70	250.21	1
	132.68	146.65	255.12	1
	151.84	123.60	278.42	1
	153.13	86.31	258.59	1
	150.34	121.75	189.66	1
