This file is created for TexTools software, Resmat Corp 
ODF file name: solodf.HODF 

B	500	0 
	50.72	78.85	72.79	1
	82.69	73.98	24.56	1
	69.17	40.87	19.78	1
	89.57	86.60	55.73	1
	23.49	73.17	85.77	1
	9.83	87.67	19.96	1
	49.23	41.58	25.40	1
	84.00	35.17	8.98	1
	40.62	72.53	29.91	1
	77.78	47.72	33.94	1
	85.82	0.78	17.13	1
	89.68	86.94	83.49	1
	14.20	25.55	4.31	1
	57.54	85.86	72.47	1
	20.05	33.81	22.68	1
	88.36	64.06	21.89	1
	8.73	53.14	67.71	1
	59.26	71.24	71.48	1
	15.88	18.73	68.63	1
	7.31	31.31	77.49	1
	16.83	51.73	9.17	1
	21.69	52.44	62.18	1
	7.28	82.27	89.75	1
	17.04	13.63	84.93	1
	24.53	59.30	75.94	1
	16.05	66.06	28.02	1
	84.95	88.79	0.96	1
	89.95	86.98	85.86	1
	88.83	88.66	20.96	1
	85.75	89.59	62.09	1
	3.20	88.96	54.18	1
	35.01	75.93	3.09	1
	43.20	81.82	28.29	1
	46.37	84.69	63.90	1
	14.57	18.21	75.69	1
	58.70	50.11	27.02	1
	88.43	25.52	6.68	1
	2.60	62.97	85.40	1
	9.76	28.44	31.40	1
	39.62	76.08	61.29	1
	24.75	43.78	64.39	1
	87.99	87.66	10.76	1
	86.43	63.42	74.96	1
	10.85	33.55	79.49	1
	1.27	52.20	73.86	1
	48.85	75.19	72.21	1
	1.09	88.45	83.47	1
	51.54	41.25	51.49	1
	89.27	89.35	4.96	1
	15.36	78.80	2.76	1
	1.93	78.72	88.10	1
	34.44	73.80	69.91	1
	83.99	86.45	55.30	1
	63.72	81.35	16.98	1
	80.16	18.55	18.38	1
	9.98	55.10	2.30	1
	39.25	71.87	64.76	1
	25.38	69.11	86.19	1
	5.26	61.45	11.69	1
	6.10	14.89	0.71	1
	11.14	21.81	79.19	1
	2.63	64.26	4.79	1
	7.32	57.97	7.31	1
	70.14	22.85	27.39	1
	18.71	6.54	58.55	1
	30.20	60.84	11.40	1
	87.08	36.46	26.22	1
	7.65	11.96	77.89	1
	19.86	82.17	21.38	1
	0.94	62.59	7.98	1
	89.65	85.06	7.97	1
	0.63	75.70	30.08	1
	80.58	72.66	60.57	1
	85.96	88.75	77.89	1
	32.17	68.84	70.84	1
	12.44	11.34	84.58	1
	4.43	62.67	89.04	1
	9.27	8.27	79.31	1
	13.54	16.00	82.81	1
	62.06	11.74	21.41	1
	83.69	86.26	17.76	1
	73.26	33.84	23.14	1
	81.34	79.11	30.51	1
	12.60	7.39	75.44	1
	72.55	68.45	50.95	1
	55.75	72.39	64.59	1
	43.19	23.51	45.01	1
	43.38	59.53	66.29	1
	3.97	63.13	78.43	1
	80.43	86.39	8.89	1
	80.24	27.55	65.55	1
	3.49	45.01	19.78	1
	68.54	13.25	40.18	1
	89.98	85.37	21.98	1
	0.32	80.45	86.48	1
	80.16	89.24	21.17	1
	8.56	70.78	11.35	1
	20.75	81.38	14.36	1
	78.40	85.46	0.79	1
	10.53	75.90	88.86	1
	84.43	80.56	23.37	1
	56.67	82.21	33.46	1
	0.32	66.81	76.56	1
	5.81	30.28	80.93	1
	89.10	89.17	3.45	1
	43.42	62.11	19.31	1
	82.54	52.38	37.20	1
	11.73	17.92	77.42	1
	0.47	3.44	1.87	1
	14.56	31.52	57.84	1
	8.92	55.59	78.97	1
	49.67	70.31	69.22	1
	11.50	10.46	85.98	1
	49.39	77.58	74.58	1
	86.36	89.90	83.23	1
	10.29	15.59	41.37	1
	82.05	83.90	78.66	1
	70.60	6.37	25.73	1
	83.83	89.86	84.48	1
	0.94	78.68	87.18	1
	30.05	84.41	77.70	1
	23.67	26.69	73.35	1
	19.96	69.26	80.05	1
	12.65	84.17	87.41	1
	1.74	82.49	5.36	1
	230.72	78.85	72.79	1
	262.69	73.98	24.56	1
	249.17	40.87	19.78	1
	269.57	86.60	55.73	1
	203.49	73.17	85.77	1
	189.83	87.67	19.96	1
	229.23	41.58	25.40	1
	264.00	35.16	8.98	1
	220.62	72.53	29.91	1
	257.78	47.72	33.94	1
	265.82	0.78	17.13	1
	269.68	86.94	83.49	1
	194.20	25.55	4.31	1
	237.54	85.86	72.47	1
	200.05	33.81	22.68	1
	268.36	64.06	21.89	1
	188.73	53.14	67.71	1
	239.26	71.24	71.48	1
	195.88	18.73	68.63	1
	187.31	31.31	77.49	1
	196.83	51.73	9.17	1
	201.69	52.44	62.18	1
	187.28	82.26	89.75	1
	197.04	13.63	84.93	1
	204.53	59.30	75.94	1
	196.05	66.06	28.02	1
	264.95	88.79	0.96	1
	269.95	86.98	85.86	1
	268.83	88.66	20.96	1
	265.75	89.59	62.09	1
	183.20	88.96	54.18	1
	215.01	75.93	3.09	1
	223.20	81.82	28.29	1
	226.37	84.69	63.90	1
	194.57	18.21	75.69	1
	238.70	50.11	27.02	1
	268.43	25.52	6.68	1
	182.60	62.97	85.40	1
	189.76	28.44	31.40	1
	219.62	76.08	61.29	1
	204.75	43.78	64.39	1
	268.00	87.66	10.76	1
	266.43	63.42	74.96	1
	190.85	33.55	79.49	1
	181.27	52.20	73.86	1
	228.85	75.19	72.21	1
	181.09	88.45	83.47	1
	231.54	41.25	51.49	1
	269.27	89.35	4.96	1
	195.36	78.80	2.76	1
	181.93	78.72	88.10	1
	214.43	73.80	69.91	1
	263.99	86.45	55.30	1
	243.72	81.35	16.98	1
	260.16	18.55	18.38	1
	189.98	55.10	2.30	1
	219.25	71.87	64.76	1
	205.38	69.11	86.19	1
	185.26	61.45	11.69	1
	186.10	14.89	0.71	1
	191.14	21.81	79.19	1
	182.63	64.26	4.79	1
	187.32	57.97	7.31	1
	250.14	22.85	27.39	1
	198.71	6.54	58.55	1
	210.20	60.84	11.40	1
	267.08	36.47	26.22	1
	187.65	11.96	77.89	1
	199.86	82.17	21.38	1
	180.94	62.59	7.98	1
	269.65	85.06	7.97	1
	180.63	75.70	30.08	1
	260.58	72.66	60.57	1
	265.96	88.75	77.89	1
	212.17	68.84	70.84	1
	192.44	11.34	84.58	1
	184.43	62.67	89.04	1
	189.27	8.27	79.31	1
	193.54	16.00	82.81	1
	242.06	11.74	21.41	1
	263.69	86.26	17.76	1
	253.26	33.84	23.14	1
	261.35	79.11	30.51	1
	192.60	7.39	75.44	1
	252.55	68.45	50.95	1
	235.75	72.39	64.59	1
	223.19	23.51	45.01	1
	223.38	59.53	66.29	1
	183.97	63.13	78.43	1
	260.43	86.39	8.89	1
	260.24	27.55	65.55	1
	183.49	45.01	19.78	1
	248.54	13.25	40.18	1
	269.98	85.37	21.98	1
	180.32	80.45	86.48	1
	260.16	89.24	21.17	1
	188.56	70.78	11.35	1
	200.75	81.38	14.37	1
	258.40	85.46	0.79	1
	190.53	75.90	88.86	1
	264.44	80.56	23.37	1
	236.67	82.21	33.46	1
	180.32	66.81	76.56	1
	185.81	30.28	80.93	1
	269.10	89.17	3.45	1
	223.42	62.11	19.31	1
	262.54	52.38	37.20	1
	191.73	17.92	77.42	1
	180.47	3.44	1.87	1
	194.56	31.53	57.85	1
	188.92	55.59	78.97	1
	229.67	70.31	69.22	1
	191.50	10.46	85.98	1
	229.39	77.58	74.58	1
	266.36	89.90	83.23	1
	190.29	15.59	41.37	1
	262.05	83.90	78.66	1
	250.60	6.37	25.73	1
	263.83	89.86	84.48	1
	180.94	78.68	87.18	1
	210.05	84.41	77.70	1
	203.67	26.69	73.35	1
	199.96	69.26	80.05	1
	192.65	84.17	87.41	1
	181.74	82.49	5.36	1
	309.28	101.15	252.79	1
	277.31	106.02	204.56	1
	290.83	139.13	199.78	1
	270.43	93.40	235.73	1
	336.51	106.83	265.77	1
	350.17	92.33	199.96	1
	310.77	138.42	205.40	1
	276.00	144.84	188.98	1
	319.38	107.47	209.91	1
	282.22	132.28	213.94	1
	274.18	179.22	197.13	1
	270.32	93.06	263.49	1
	345.80	154.45	184.31	1
	302.46	94.14	252.47	1
	339.95	146.19	202.68	1
	271.64	115.94	201.89	1
	351.27	126.86	247.71	1
	300.74	108.76	251.48	1
	344.12	161.27	248.63	1
	352.69	148.69	257.49	1
	343.17	128.28	189.17	1
	338.31	127.56	242.18	1
	352.72	97.73	269.75	1
	342.96	166.37	264.93	1
	335.47	120.70	255.94	1
	343.95	113.94	208.02	1
	275.05	91.21	180.96	1
	270.05	93.02	265.86	1
	271.17	91.34	200.97	1
	274.25	90.41	242.09	1
	356.80	91.04	234.18	1
	324.99	104.07	183.09	1
	316.80	98.19	208.29	1
	313.63	95.31	243.90	1
	345.43	161.79	255.69	1
	301.30	129.89	207.02	1
	271.57	154.48	186.68	1
	357.40	117.03	265.40	1
	350.24	151.57	211.40	1
	320.38	103.92	241.29	1
	335.26	136.22	244.39	1
	272.01	92.34	190.76	1
	273.57	116.58	254.96	1
	349.15	146.45	259.49	1
	358.73	127.80	253.86	1
	311.15	104.81	252.21	1
	358.91	91.55	263.47	1
	308.46	138.75	231.49	1
	270.73	90.65	184.96	1
	344.64	101.20	182.76	1
	358.07	101.28	268.11	1
	325.57	106.20	249.91	1
	276.01	93.55	235.30	1
	296.28	98.64	196.99	1
	279.84	161.45	198.38	1
	350.02	124.90	182.30	1
	320.75	108.13	244.76	1
	334.62	110.88	266.19	1
	354.74	118.55	191.69	1
	353.90	165.11	180.71	1
	348.86	158.19	259.19	1
	357.37	115.74	184.79	1
	352.68	122.03	187.31	1
	289.86	157.15	207.39	1
	341.29	173.46	238.55	1
	329.80	119.17	191.40	1
	272.92	143.54	206.22	1
	352.35	168.04	257.89	1
	340.14	97.83	201.38	1
	359.06	117.41	187.98	1
	270.35	94.94	187.97	1
	359.37	104.30	210.08	1
	279.42	107.34	240.57	1
	274.04	91.25	257.89	1
	327.83	111.16	250.85	1
	347.56	168.66	264.58	1
	355.57	117.33	269.04	1
	350.73	171.73	259.31	1
	346.46	164.00	262.81	1
	297.94	168.26	201.41	1
	276.32	93.74	197.76	1
	286.74	146.16	203.14	1
	278.65	100.89	210.51	1
	347.40	172.61	255.44	1
	287.45	111.55	230.95	1
	304.25	107.61	244.59	1
	316.81	156.49	225.01	1
	316.62	120.47	246.29	1
	356.03	116.87	258.43	1
	279.57	93.61	188.89	1
	279.76	152.45	245.55	1
	356.51	134.99	199.78	1
	291.46	166.75	220.18	1
	270.02	94.63	201.98	1
	359.68	99.55	266.48	1
	279.84	90.76	201.17	1
	351.44	109.22	191.35	1
	339.25	98.63	194.37	1
	281.60	94.54	180.79	1
	349.47	104.10	268.86	1
	275.57	99.44	203.37	1
	303.33	97.79	213.46	1
	359.68	113.19	256.56	1
	354.19	149.72	260.93	1
	270.90	90.83	183.45	1
	316.58	117.89	199.31	1
	277.46	127.62	217.20	1
	348.27	162.08	257.42	1
	359.53	176.56	181.87	1
	345.44	148.47	237.84	1
	351.08	124.41	258.97	1
	310.33	109.69	249.22	1
	348.50	169.54	265.98	1
	310.61	102.42	254.58	1
	273.64	90.10	263.24	1
	349.71	164.41	221.37	1
	277.95	96.10	258.66	1
	289.40	173.63	205.72	1
	276.17	90.14	264.48	1
	359.06	101.32	267.18	1
	329.95	95.59	257.70	1
	336.33	153.31	253.35	1
	340.05	110.74	260.05	1
	347.35	95.83	267.41	1
	358.26	97.51	185.36	1
	129.28	101.15	252.79	1
	97.31	106.02	204.56	1
	110.83	139.13	199.78	1
	90.43	93.40	235.73	1
	156.51	106.83	265.77	1
	170.17	92.33	199.96	1
	130.77	138.42	205.40	1
	96.00	144.84	188.98	1
	139.38	107.47	209.91	1
	102.22	132.28	213.94	1
	94.18	179.22	197.13	1
	90.32	93.06	263.49	1
	165.80	154.45	184.31	1
	122.46	94.14	252.47	1
	159.95	146.19	202.68	1
	91.64	115.94	201.89	1
	171.27	126.86	247.71	1
	120.74	108.76	251.48	1
	164.12	161.27	248.63	1
	172.69	148.69	257.49	1
	163.17	128.28	189.17	1
	158.31	127.56	242.18	1
	172.72	97.73	269.75	1
	162.96	166.37	264.93	1
	155.47	120.70	255.94	1
	163.95	113.94	208.02	1
	95.05	91.21	180.96	1
	90.05	93.02	265.86	1
	91.17	91.34	200.97	1
	94.25	90.41	242.09	1
	176.80	91.04	234.18	1
	144.99	104.07	183.09	1
	136.80	98.19	208.29	1
	133.63	95.31	243.90	1
	165.43	161.79	255.69	1
	121.30	129.89	207.02	1
	91.57	154.48	186.68	1
	177.40	117.03	265.40	1
	170.24	151.57	211.40	1
	140.38	103.92	241.29	1
	155.26	136.22	244.39	1
	92.00	92.34	190.76	1
	93.57	116.58	254.96	1
	169.15	146.45	259.49	1
	178.73	127.80	253.86	1
	131.15	104.81	252.21	1
	178.91	91.55	263.47	1
	128.46	138.75	231.49	1
	90.73	90.65	184.96	1
	164.64	101.20	182.76	1
	178.07	101.28	268.11	1
	145.57	106.20	249.91	1
	96.01	93.55	235.30	1
	116.28	98.64	196.99	1
	99.84	161.45	198.38	1
	170.02	124.90	182.30	1
	140.75	108.13	244.76	1
	154.62	110.89	266.19	1
	174.74	118.55	191.69	1
	173.91	165.11	180.71	1
	168.86	158.19	259.19	1
	177.37	115.74	184.79	1
	172.68	122.03	187.31	1
	109.86	157.15	207.39	1
	161.29	173.46	238.55	1
	149.80	119.17	191.40	1
	92.92	143.54	206.22	1
	172.35	168.04	257.89	1
	160.14	97.83	201.38	1
	179.06	117.41	187.98	1
	90.35	94.94	187.97	1
	179.37	104.30	210.08	1
	99.42	107.34	240.57	1
	94.04	91.25	257.89	1
	147.83	111.16	250.85	1
	167.56	168.66	264.58	1
	175.57	117.33	269.04	1
	170.73	171.73	259.31	1
	166.46	164.00	262.81	1
	117.94	168.26	201.41	1
	96.31	93.74	197.76	1
	106.74	146.16	203.14	1
	98.66	100.89	210.51	1
	167.40	172.61	255.44	1
	107.45	111.55	230.95	1
	124.25	107.61	244.59	1
	136.81	156.49	225.01	1
	136.62	120.47	246.29	1
	176.03	116.87	258.43	1
	99.57	93.61	188.89	1
	99.76	152.45	245.55	1
	176.51	134.99	199.78	1
	111.46	166.75	220.18	1
	90.02	94.63	201.98	1
	179.68	99.55	266.48	1
	99.84	90.76	201.17	1
	171.44	109.22	191.35	1
	159.25	98.63	194.37	1
	101.60	94.54	180.79	1
	169.47	104.10	268.86	1
	95.56	99.44	203.37	1
	123.33	97.79	213.46	1
	179.68	113.19	256.56	1
	174.19	149.72	260.93	1
	90.90	90.83	183.45	1
	136.58	117.89	199.31	1
	97.46	127.62	217.20	1
	168.27	162.08	257.42	1
	179.53	176.56	181.87	1
	165.44	148.47	237.84	1
	171.08	124.41	258.97	1
	130.33	109.69	249.22	1
	168.50	169.54	265.98	1
	130.61	102.42	254.58	1
	93.64	90.10	263.24	1
	169.71	164.41	221.37	1
	97.95	96.10	258.66	1
	109.40	173.63	205.72	1
	96.17	90.14	264.48	1
	179.06	101.32	267.18	1
	149.95	95.59	257.70	1
	156.33	153.31	253.35	1
	160.04	110.74	260.05	1
	167.35	95.83	267.41	1
	178.26	97.51	185.36	1
