This file is created for TexTools software, Resmat Corp 
ODF file name: solodf.HODF 

B	500	0 
	45.08	105.75	66.72	1
	49.80	78.14	27.64	1
	60.81	39.70	12.68	1
	106.34	88.82	47.10	1
	35.99	65.19	105.04	1
	40.14	69.58	18.77	1
	61.77	38.68	9.92	1
	63.28	37.22	14.26	1
	42.73	72.11	21.13	1
	127.50	32.68	17.02	1
	3.63	26.70	91.27	1
	85.39	92.59	66.84	1
	65.21	29.27	333.13	1
	45.26	105.60	66.55	1
	62.35	29.83	335.25	1
	44.27	73.47	22.44	1
	327.95	60.65	78.41	1
	40.11	69.56	108.75	1
	46.66	17.03	36.91	1
	3.47	44.57	89.93	1
	35.35	64.48	14.48	1
	24.14	46.15	90.65	1
	327.21	61.55	77.76	1
	34.88	38.10	82.51	1
	33.71	62.59	103.03	1
	39.83	69.27	18.49	1
	89.48	87.72	25.95	1
	135.58	73.65	67.33	1
	111.27	90.90	42.13	1
	65.39	90.77	47.39	1
	15.98	85.39	56.05	1
	39.45	68.89	18.15	1
	43.75	73.05	22.06	1
	45.45	105.43	66.37	1
	353.96	43.40	90.29	1
	35.67	45.00	360.00	1
	82.61	27.53	50.48	1
	336.20	46.70	89.68	1
	69.74	28.63	329.89	1
	47.57	103.60	64.37	1
	53.37	31.72	71.27	1
	90.90	89.95	41.17	1
	74.07	53.42	83.85	1
	33.21	41.70	86.76	1
	327.63	61.01	78.14	1
	45.36	105.51	66.46	1
	3.30	59.64	89.90	1
	75.25	28.02	55.89	1
	126.80	99.45	30.59	1
	33.67	62.57	13.01	1
	357.98	48.65	89.97	1
	43.20	107.46	68.45	1
	57.73	93.24	49.81	1
	45.01	74.19	23.22	1
	83.17	27.51	50.06	1
	32.56	61.25	12.03	1
	46.70	104.34	65.20	1
	36.46	65.71	105.47	1
	34.23	63.20	13.49	1
	1.24	43.48	359.98	1
	26.43	42.89	88.98	1
	27.39	50.81	4.87	1
	33.24	62.04	12.62	1
	82.89	27.52	50.27	1
	97.36	27.07	310.43	1
	38.43	67.82	17.23	1
	96.23	27.48	40.38	1
	56.43	30.96	69.21	1
	40.66	70.10	19.25	1
	30.39	58.67	10.17	1
	90.51	89.26	33.36	1
	343.82	82.47	36.38	1
	112.58	88.96	48.10	1
	93.49	89.89	48.19	1
	34.29	63.28	103.55	1
	306.67	31.70	108.73	1
	15.03	47.24	91.60	1
	329.41	34.43	97.58	1
	344.41	42.47	91.52	1
	97.26	27.52	309.63	1
	95.99	90.20	43.52	1
	65.84	35.10	14.50	1
	50.25	78.48	28.06	1
	57.88	30.64	68.23	1
	50.70	78.85	28.53	1
	48.34	102.98	63.67	1
	52.44	16.25	31.01	1
	51.74	32.73	73.23	1
	333.70	50.05	85.96	1
	128.49	100.60	29.18	1
	89.49	27.37	45.38	1
	34.02	45.97	0.94	1
	83.55	27.49	49.78	1
	72.96	88.63	42.31	1
	326.26	62.64	76.94	1
	53.42	80.75	30.96	1
	35.13	64.23	14.29	1
	40.13	69.57	18.76	1
	92.95	92.32	344.90	1
	343.86	48.26	87.94	1
	51.39	79.32	29.09	1
	45.77	74.85	23.91	1
	327.36	61.35	77.90	1
	10.94	43.95	89.35	1
	135.49	106.27	22.75	1
	40.93	70.37	19.49	1
	104.02	27.96	34.64	1
	348.80	43.13	90.81	1
	305.67	31.45	19.39	1
	332.27	42.50	91.59	1
	357.27	45.29	89.96	1
	37.04	66.33	105.97	1
	355.57	41.04	90.24	1
	44.82	105.99	66.96	1
	89.59	91.53	60.60	1
	87.18	27.39	317.09	1
	97.20	71.49	80.79	1
	314.07	33.58	104.13	1
	135.65	73.58	67.41	1
	5.14	51.93	90.29	1
	41.36	109.21	70.12	1
	57.35	30.77	68.59	1
	31.76	60.31	101.34	1
	38.61	109.76	71.62	1
	32.89	61.66	12.32	1
	225.08	105.75	66.72	1
	229.80	78.14	27.64	1
	240.81	39.70	12.68	1
	286.34	88.82	47.10	1
	215.99	65.19	105.04	1
	220.14	69.58	18.77	1
	241.77	38.68	9.92	1
	243.28	37.22	14.26	1
	222.73	72.11	21.13	1
	307.50	32.68	17.02	1
	183.63	26.70	91.27	1
	265.39	92.59	66.84	1
	245.21	29.27	333.13	1
	225.26	105.60	66.55	1
	242.35	29.83	335.25	1
	224.27	73.47	22.44	1
	147.95	60.65	78.41	1
	220.11	69.56	108.75	1
	226.66	17.03	36.91	1
	183.47	44.57	89.93	1
	215.35	64.48	14.48	1
	204.14	46.15	90.65	1
	147.21	61.55	77.76	1
	214.88	38.10	82.51	1
	213.71	62.59	103.03	1
	219.83	69.27	18.49	1
	269.48	87.72	25.95	1
	315.58	73.65	67.33	1
	291.27	90.90	42.13	1
	245.39	90.77	47.39	1
	195.98	85.39	56.05	1
	219.45	68.89	18.15	1
	223.75	73.05	22.06	1
	225.45	105.43	66.37	1
	173.96	43.40	90.29	1
	215.67	45.00	360.00	1
	262.61	27.53	50.48	1
	156.20	46.70	89.68	1
	249.74	28.63	329.89	1
	227.57	103.60	64.37	1
	233.37	31.72	71.27	1
	270.90	89.95	41.17	1
	254.07	53.42	83.85	1
	213.21	41.70	86.76	1
	147.63	61.01	78.14	1
	225.36	105.51	66.46	1
	183.30	59.64	89.90	1
	255.25	28.02	55.89	1
	306.80	99.45	30.59	1
	213.67	62.57	13.01	1
	177.98	48.65	89.97	1
	223.20	107.46	68.45	1
	237.73	93.24	49.81	1
	225.01	74.19	23.22	1
	263.17	27.51	50.06	1
	212.56	61.25	12.03	1
	226.70	104.34	65.20	1
	216.46	65.71	105.47	1
	214.23	63.20	13.49	1
	181.24	43.48	359.98	1
	206.43	42.89	88.98	1
	207.39	50.81	4.87	1
	213.24	62.04	12.62	1
	262.89	27.52	50.27	1
	277.36	27.07	310.43	1
	218.43	67.82	17.23	1
	276.23	27.48	40.38	1
	236.43	30.96	69.21	1
	220.66	70.10	19.25	1
	210.39	58.67	10.17	1
	270.51	89.26	33.36	1
	163.82	82.47	36.38	1
	292.58	88.96	48.10	1
	273.49	89.89	48.19	1
	214.29	63.28	103.55	1
	126.67	31.70	108.73	1
	195.03	47.24	91.60	1
	149.41	34.43	97.58	1
	164.41	42.47	91.52	1
	277.26	27.52	309.63	1
	275.99	90.20	43.52	1
	245.84	35.10	14.50	1
	230.25	78.48	28.06	1
	237.88	30.64	68.23	1
	230.70	78.85	28.53	1
	228.34	102.98	63.67	1
	232.44	16.25	31.01	1
	231.74	32.73	73.23	1
	153.70	50.05	85.96	1
	308.49	100.60	29.18	1
	269.49	27.37	45.38	1
	214.02	45.97	0.94	1
	263.55	27.49	49.78	1
	252.96	88.63	42.31	1
	146.26	62.64	76.94	1
	233.42	80.75	30.96	1
	215.13	64.23	14.29	1
	220.13	69.57	18.76	1
	272.95	92.32	344.90	1
	163.86	48.26	87.94	1
	231.39	79.32	29.09	1
	225.77	74.85	23.91	1
	147.36	61.35	77.90	1
	190.94	43.95	89.35	1
	315.49	106.27	22.75	1
	220.93	70.37	19.49	1
	284.02	27.96	34.64	1
	168.80	43.13	90.81	1
	125.67	31.45	19.39	1
	152.27	42.50	91.59	1
	177.27	45.29	89.96	1
	217.04	66.33	105.97	1
	175.57	41.04	90.24	1
	224.82	105.99	66.96	1
	269.59	91.53	60.60	1
	267.18	27.39	317.09	1
	277.20	71.49	80.79	1
	134.07	33.58	104.13	1
	315.65	73.58	67.41	1
	185.14	51.93	90.29	1
	221.36	109.21	70.12	1
	237.35	30.77	68.59	1
	211.76	60.31	101.34	1
	218.61	109.76	71.62	1
	212.89	61.66	12.32	1
	314.92	74.25	246.72	1
	310.20	101.86	207.64	1
	299.19	140.30	192.68	1
	253.66	91.18	227.10	1
	324.01	114.81	285.04	1
	319.86	110.42	198.77	1
	298.23	141.32	189.92	1
	296.72	142.78	194.26	1
	317.27	107.89	201.13	1
	232.50	147.32	197.02	1
	356.37	153.30	271.27	1
	274.61	87.41	246.84	1
	294.79	150.73	153.13	1
	314.74	74.40	246.55	1
	297.65	150.17	155.25	1
	315.73	106.53	202.44	1
	32.05	119.35	258.41	1
	319.89	110.44	288.75	1
	313.34	162.97	216.91	1
	356.53	135.43	269.93	1
	324.65	115.52	194.48	1
	335.86	133.85	270.65	1
	32.79	118.45	257.76	1
	325.12	141.90	262.51	1
	326.29	117.41	283.03	1
	320.17	110.73	198.49	1
	270.52	92.28	205.95	1
	224.42	106.35	247.33	1
	248.73	89.10	222.13	1
	294.61	89.23	227.39	1
	344.02	94.61	236.05	1
	320.55	111.11	198.15	1
	316.25	106.95	202.06	1
	314.55	74.57	246.37	1
	6.04	136.60	270.29	1
	324.33	135.00	180.00	1
	277.39	152.47	230.48	1
	23.80	133.30	269.68	1
	290.26	151.37	149.89	1
	312.43	76.40	244.37	1
	306.63	148.28	251.27	1
	269.10	90.05	221.17	1
	285.93	126.58	263.85	1
	326.79	138.30	266.76	1
	32.37	118.99	258.14	1
	314.64	74.49	246.46	1
	356.70	120.36	269.90	1
	284.75	151.98	235.89	1
	233.20	80.55	210.59	1
	326.33	117.43	193.01	1
	2.02	131.35	269.97	1
	316.80	72.54	248.45	1
	302.27	86.76	229.81	1
	314.99	105.81	203.22	1
	276.83	152.49	230.06	1
	327.44	118.75	192.03	1
	313.30	75.66	245.20	1
	323.54	114.29	285.47	1
	325.77	116.80	193.49	1
	358.76	136.52	179.98	1
	333.57	137.11	268.98	1
	332.61	129.19	184.87	1
	326.76	117.96	192.62	1
	277.11	152.48	230.27	1
	262.64	152.93	130.43	1
	321.57	112.18	197.23	1
	263.77	152.52	220.38	1
	303.57	149.04	249.21	1
	319.34	109.90	199.25	1
	329.61	121.33	190.17	1
	269.49	90.74	213.36	1
	16.18	97.53	216.38	1
	247.42	91.04	228.10	1
	266.51	90.11	228.19	1
	325.71	116.72	283.55	1
	53.33	148.30	288.73	1
	344.97	132.76	271.60	1
	30.59	145.57	277.58	1
	15.59	137.53	271.52	1
	262.74	152.48	129.63	1
	264.01	89.80	223.52	1
	294.16	144.90	194.50	1
	309.75	101.52	208.06	1
	302.12	149.36	248.23	1
	309.30	101.15	208.53	1
	311.66	77.02	243.67	1
	307.56	163.75	211.01	1
	308.26	147.27	253.23	1
	26.30	129.95	265.96	1
	231.51	79.40	209.18	1
	270.51	152.63	225.38	1
	325.98	134.03	180.94	1
	276.45	152.51	229.78	1
	287.04	91.37	222.31	1
	33.74	117.36	256.94	1
	306.58	99.25	210.96	1
	324.87	115.77	194.29	1
	319.87	110.43	198.76	1
	267.05	87.68	164.90	1
	16.14	131.74	267.94	1
	308.61	100.68	209.09	1
	314.23	105.15	203.91	1
	32.64	118.65	257.90	1
	349.06	136.05	269.35	1
	224.51	73.73	202.75	1
	319.07	109.63	199.49	1
	255.98	152.04	214.64	1
	11.20	136.87	270.81	1
	54.33	148.55	199.39	1
	27.73	137.50	271.59	1
	2.73	134.71	269.96	1
	322.96	113.67	285.97	1
	4.43	138.96	270.24	1
	315.18	74.01	246.96	1
	270.41	88.47	240.60	1
	272.82	152.61	137.09	1
	262.80	108.51	260.79	1
	45.93	146.42	284.13	1
	224.35	106.42	247.41	1
	354.86	128.07	270.29	1
	318.64	70.79	250.12	1
	302.65	149.23	248.59	1
	328.24	119.69	281.34	1
	321.39	70.24	251.62	1
	327.11	118.34	192.32	1
	134.92	74.25	246.72	1
	130.20	101.86	207.64	1
	119.19	140.30	192.68	1
	73.66	91.18	227.10	1
	144.01	114.81	285.04	1
	139.86	110.42	198.77	1
	118.23	141.32	189.92	1
	116.72	142.78	194.26	1
	137.27	107.89	201.13	1
	52.50	147.32	197.02	1
	176.37	153.30	271.27	1
	94.61	87.41	246.84	1
	114.79	150.73	153.13	1
	134.74	74.40	246.55	1
	117.65	150.17	155.25	1
	135.73	106.53	202.44	1
	212.05	119.35	258.41	1
	139.89	110.44	288.75	1
	133.34	162.97	216.91	1
	176.53	135.43	269.93	1
	144.65	115.52	194.48	1
	155.86	133.85	270.65	1
	212.79	118.45	257.76	1
	145.12	141.90	262.51	1
	146.29	117.41	283.03	1
	140.17	110.73	198.49	1
	90.52	92.28	205.95	1
	44.42	106.35	247.33	1
	68.73	89.10	222.13	1
	114.61	89.23	227.39	1
	164.02	94.61	236.05	1
	140.55	111.11	198.15	1
	136.25	106.95	202.06	1
	134.55	74.57	246.37	1
	186.04	136.60	270.29	1
	144.33	135.00	180.00	1
	97.39	152.47	230.48	1
	203.80	133.30	269.68	1
	110.26	151.37	149.89	1
	132.43	76.40	244.37	1
	126.63	148.28	251.27	1
	89.10	90.05	221.17	1
	105.93	126.58	263.85	1
	146.79	138.30	266.76	1
	212.37	118.99	258.14	1
	134.64	74.49	246.46	1
	176.70	120.36	269.90	1
	104.75	151.98	235.89	1
	53.20	80.55	210.59	1
	146.33	117.43	193.01	1
	182.02	131.35	269.97	1
	136.80	72.54	248.45	1
	122.27	86.76	229.81	1
	134.99	105.81	203.22	1
	96.83	152.49	230.06	1
	147.44	118.75	192.03	1
	133.30	75.66	245.20	1
	143.54	114.29	285.47	1
	145.77	116.80	193.49	1
	178.76	136.52	179.98	1
	153.57	137.11	268.98	1
	152.61	129.19	184.87	1
	146.76	117.96	192.62	1
	97.11	152.48	230.27	1
	82.64	152.93	130.43	1
	141.57	112.18	197.23	1
	83.77	152.52	220.38	1
	123.57	149.04	249.21	1
	139.34	109.90	199.25	1
	149.61	121.33	190.17	1
	89.49	90.74	213.36	1
	196.18	97.53	216.38	1
	67.42	91.04	228.10	1
	86.51	90.11	228.19	1
	145.71	116.72	283.55	1
	233.33	148.30	288.73	1
	164.97	132.76	271.60	1
	210.59	145.57	277.58	1
	195.59	137.53	271.52	1
	82.74	152.48	129.63	1
	84.01	89.80	223.52	1
	114.16	144.90	194.50	1
	129.75	101.52	208.06	1
	122.12	149.36	248.23	1
	129.30	101.15	208.53	1
	131.66	77.02	243.67	1
	127.56	163.75	211.01	1
	128.26	147.27	253.23	1
	206.30	129.95	265.96	1
	51.51	79.40	209.18	1
	90.51	152.63	225.38	1
	145.98	134.03	180.94	1
	96.45	152.51	229.78	1
	107.04	91.37	222.31	1
	213.74	117.36	256.94	1
	126.58	99.25	210.96	1
	144.87	115.77	194.29	1
	139.87	110.43	198.76	1
	87.05	87.68	164.90	1
	196.14	131.74	267.94	1
	128.61	100.68	209.09	1
	134.23	105.15	203.91	1
	212.64	118.65	257.90	1
	169.06	136.05	269.35	1
	44.51	73.73	202.75	1
	139.07	109.63	199.49	1
	75.98	152.04	214.64	1
	191.20	136.87	270.81	1
	234.33	148.55	199.39	1
	207.73	137.50	271.59	1
	182.73	134.71	269.96	1
	142.96	113.67	285.97	1
	184.43	138.96	270.24	1
	135.18	74.01	246.96	1
	90.41	88.47	240.60	1
	92.82	152.61	137.09	1
	82.80	108.51	260.79	1
	225.93	146.42	284.13	1
	44.35	106.42	247.41	1
	174.86	128.07	270.29	1
	138.64	70.79	250.12	1
	122.65	149.23	248.59	1
	148.24	119.69	281.34	1
	141.39	70.24	251.62	1
	147.11	118.34	192.32	1
