   5.0723000e+01   7.8854000e+01   7.2787000e+01
   8.2691000e+01   7.3985000e+01   2.4561000e+01
   6.9172000e+01   4.0871000e+01   1.9776000e+01
   8.9572000e+01   8.6604000e+01   5.5727000e+01
   2.3487000e+01   7.3170000e+01   8.5767000e+01
   9.8330000e+00   8.7672000e+01   1.9960000e+01
   4.9226000e+01   4.1577000e+01   2.5401000e+01
   8.3996000e+01   3.5165000e+01   8.9840000e+00
   4.0623000e+01   7.2535000e+01   2.9914000e+01
   7.7777000e+01   4.7718000e+01   3.3938000e+01
   8.5820000e+01   7.7500000e-01   1.7134000e+01
   8.9684000e+01   8.6937000e+01   8.3490000e+01
   1.4198000e+01   2.5553000e+01   4.3120000e+00
   5.7540000e+01   8.5863000e+01   7.2471000e+01
   2.0051000e+01   3.3812000e+01   2.2676000e+01
   8.8357000e+01   6.4064000e+01   2.1891000e+01
   8.7320000e+00   5.3144000e+01   6.7711000e+01
   5.9262000e+01   7.1236000e+01   7.1476000e+01
   1.5884000e+01   1.8729000e+01   6.8634000e+01
   7.3120000e+00   3.1307000e+01   7.7492000e+01
   1.6834000e+01   5.1725000e+01   9.1740000e+00
   2.1693000e+01   5.2443000e+01   6.2179000e+01
   7.2810000e+00   8.2265000e+01   8.9753000e+01
   1.7040000e+01   1.3632000e+01   8.4930000e+01
   2.4528000e+01   5.9304000e+01   7.5943000e+01
   1.6054000e+01   6.6060000e+01   2.8021000e+01
   8.4952000e+01   8.8788000e+01   9.6400000e-01
   8.9951000e+01   8.6977000e+01   8.5864000e+01
   8.8827000e+01   8.8660000e+01   2.0965000e+01
   8.5754000e+01   8.9586000e+01   6.2086000e+01
   3.1970000e+00   8.8956000e+01   5.4178000e+01
   3.5012000e+01   7.5932000e+01   3.0870000e+00
   4.3197000e+01   8.1815000e+01   2.8291000e+01
   4.6369000e+01   8.4691000e+01   6.3904000e+01
   1.4574000e+01   1.8210000e+01   7.5690000e+01
   5.8696000e+01   5.0112000e+01   2.7016000e+01
   8.8434000e+01   2.5524000e+01   6.6830000e+00
   2.6010000e+00   6.2974000e+01   8.5399000e+01
   9.7640000e+00   2.8435000e+01   3.1397000e+01
   3.9615000e+01   7.6079000e+01   6.1286000e+01
   2.4745000e+01   4.3785000e+01   6.4390000e+01
   8.7995000e+01   8.7660000e+01   1.0756000e+01
   8.6427000e+01   6.3419000e+01   7.4962000e+01
   1.0849000e+01   3.3550000e+01   7.9491000e+01
   1.2690000e+00   5.2200000e+01   7.3858000e+01
   4.8852000e+01   7.5195000e+01   7.2207000e+01
   1.0930000e+00   8.8451000e+01   8.3466000e+01
   5.1536000e+01   4.1254000e+01   5.1492000e+01
   8.9272000e+01   8.9346000e+01   4.9600000e+00
   1.5357000e+01   7.8796000e+01   2.7630000e+00
   1.9310000e+00   7.8722000e+01   8.8105000e+01
   3.4435000e+01   7.3799000e+01   6.9908000e+01
   8.3988000e+01   8.6450000e+01   5.5299000e+01
   6.3723000e+01   8.1355000e+01   1.6985000e+01
   8.0159000e+01   1.8548000e+01   1.8381000e+01
   9.9840000e+00   5.5101000e+01   2.3040000e+00
   3.9250000e+01   7.1869000e+01   6.4761000e+01
   2.5382000e+01   6.9115000e+01   8.6185000e+01
   5.2600000e+00   6.1452000e+01   1.1687000e+01
   6.0950000e+00   1.4888000e+01   7.0600000e-01
   1.1140000e+01   2.1808000e+01   7.9186000e+01
   2.6310000e+00   6.4264000e+01   4.7930000e+00
   7.3230000e+00   5.7967000e+01   7.3120000e+00
   7.0144000e+01   2.2853000e+01   2.7387000e+01
   1.8710000e+01   6.5360000e+00   5.8551000e+01
   3.0197000e+01   6.0835000e+01   1.1396000e+01
   8.7078000e+01   3.6465000e+01   2.6217000e+01
   7.6470000e+00   1.1958000e+01   7.7893000e+01
   1.9856000e+01   8.2166000e+01   2.1377000e+01
   9.4200000e-01   6.2589000e+01   7.9760000e+00
   8.9654000e+01   8.5061000e+01   7.9710000e+00
   6.2900000e-01   7.5704000e+01   3.0084000e+01
   8.0584000e+01   7.2662000e+01   6.0569000e+01
   8.5960000e+01   8.8753000e+01   7.7887000e+01
   3.2166000e+01   6.8838000e+01   7.0845000e+01
   1.2440000e+01   1.1343000e+01   8.4584000e+01
   4.4330000e+00   6.2670000e+01   8.9039000e+01
   9.2730000e+00   8.2730000e+00   7.9310000e+01
   1.3536000e+01   1.6004000e+01   8.2806000e+01
   6.2061000e+01   1.1745000e+01   2.1408000e+01
   8.3685000e+01   8.6262000e+01   1.7757000e+01
   7.3259000e+01   3.3844000e+01   2.3141000e+01
   8.1345000e+01   7.9106000e+01   3.0507000e+01
   1.2602000e+01   7.3880000e+00   7.5443000e+01
   7.2550000e+01   6.8448000e+01   5.0953000e+01
   5.5746000e+01   7.2390000e+01   6.4591000e+01
   4.3186000e+01   2.3514000e+01   4.5007000e+01
   4.3384000e+01   5.9533000e+01   6.6291000e+01
   3.9690000e+00   6.3127000e+01   7.8428000e+01
   8.0431000e+01   8.6390000e+01   8.8940000e+00
   8.0244000e+01   2.7552000e+01   6.5552000e+01
   3.4880000e+00   4.5009000e+01   1.9779000e+01
   6.8540000e+01   1.3248000e+01   4.0181000e+01
   8.9978000e+01   8.5368000e+01   2.1984000e+01
   3.1600000e-01   8.0449000e+01   8.6482000e+01
   8.0156000e+01   8.9243000e+01   2.1169000e+01
   8.5590000e+00   7.0781000e+01   1.1346000e+01
   2.0751000e+01   8.1375000e+01   1.4365000e+01
   7.8404000e+01   8.5458000e+01   7.9400000e-01
   1.0531000e+01   7.5903000e+01   8.8857000e+01
   8.4435000e+01   8.0557000e+01   2.3369000e+01
   5.6669000e+01   8.2214000e+01   3.3457000e+01
   3.2400000e-01   6.6808000e+01   7.6561000e+01
   5.8120000e+00   3.0279000e+01   8.0931000e+01
   8.9099000e+01   8.9169000e+01   3.4470000e+00
   4.3422000e+01   6.2111000e+01   1.9309000e+01
   8.2543000e+01   5.2379000e+01   3.7204000e+01
   1.1728000e+01   1.7916000e+01   7.7423000e+01
   4.6700000e-01   3.4390000e+00   1.8730000e+00
   1.4557000e+01   3.1525000e+01   5.7845000e+01
   8.9180000e+00   5.5590000e+01   7.8969000e+01
   4.9671000e+01   7.0310000e+01   6.9224000e+01
   1.1503000e+01   1.0455000e+01   8.5982000e+01
   4.9391000e+01   7.7577000e+01   7.4580000e+01
   8.6355000e+01   8.9904000e+01   8.3235000e+01
   1.0286000e+01   1.5587000e+01   4.1373000e+01
   8.2048000e+01   8.3896000e+01   7.8662000e+01
   7.0600000e+01   6.3650000e+00   2.5725000e+01
   8.3828000e+01   8.9862000e+01   8.4482000e+01
   9.3900000e-01   7.8683000e+01   8.7179000e+01
   3.0051000e+01   8.4410000e+01   7.7703000e+01
   2.3674000e+01   2.6693000e+01   7.3355000e+01
   1.9955000e+01   6.9261000e+01   8.0049000e+01
   1.2646000e+01   8.4167000e+01   8.7407000e+01
   1.7360000e+00   8.2491000e+01   5.3560000e+00
   8.3853000e+01   8.3071000e+01   4.7830000e+01
   1.0171000e+01   6.6358000e+01   7.6695000e+01
   9.9650000e+00   6.9702000e+01   5.2500000e-01
   6.6230000e+01   3.9210000e+01   8.5224000e+01
   2.6480000e+00   5.5210000e+00   1.6095000e+01
   2.5000000e-02   3.6845000e+01   8.0049000e+01
   8.5372000e+01   8.2006000e+01   2.7371000e+01
   5.9140000e+00   7.8833000e+01   8.8099000e+01
   1.1168000e+01   8.0314000e+01   1.9580000e+00
   2.5640000e+01   2.1371000e+01   2.5747000e+01
   5.5430000e+01   5.2007000e+01   3.9376000e+01
   2.3783000e+01   7.4158000e+01   1.1525000e+01
   7.8489000e+01   6.7217000e+01   5.6570000e+01
   1.0275000e+01   2.9937000e+01   5.6381000e+01
   1.2681000e+01   1.0191000e+01   8.9930000e+00
   7.9848000e+01   8.5652000e+01   6.8362000e+01
   8.5559000e+01   7.4052000e+01   5.7713000e+01
   8.3007000e+01   8.7252000e+01   8.8558000e+01
   4.8435000e+01   1.7934000e+01   5.1585000e+01
   1.4241000e+01   2.1562000e+01   8.0661000e+01
   8.4048000e+01   7.4167000e+01   7.1306000e+01
   4.2850000e+00   8.8618000e+01   8.0060000e+01
   8.8481000e+01   4.0540000e+00   6.2540000e+00
   6.2929000e+01   4.1426000e+01   8.5530000e+00
   1.6167000e+01   8.5310000e+01   1.9200000e+00
   5.1360000e+01   7.5376000e+01   7.0609000e+01
   8.6116000e+01   8.2955000e+01   3.7978000e+01
   6.8340000e+01   1.4383000e+01   2.5006000e+01
   8.0046000e+01   8.6769000e+01   7.6887000e+01
   3.9931000e+01   5.9661000e+01   6.7466000e+01
   5.8987000e+01   7.1896000e+01   1.4615000e+01
   1.5880000e+00   6.0136000e+01   8.9294000e+01
   4.4815000e+01   5.2960000e+01   5.2376000e+01
   4.9072000e+01   5.5745000e+01   8.1090000e+01
   7.7882000e+01   7.4644000e+01   7.6632000e+01
   5.4140000e+00   4.2000000e+00   8.8237000e+01
   3.2759000e+01   2.5626000e+01   6.9046000e+01
   4.2268000e+01   5.7479000e+01   1.2519000e+01
   8.7885000e+01   2.9010000e+00   8.6174000e+01
   7.6091000e+01   6.9304000e+01   3.8593000e+01
   7.4900000e+00   8.6812000e+01   8.8695000e+01
   1.6370000e+00   6.1012000e+01   4.2941000e+01
   1.0470000e+01   8.2533000e+01   8.5715000e+01
   8.8978000e+01   8.1002000e+01   8.4358000e+01
   2.9870000e+01   8.5845000e+01   7.8579000e+01
   2.3759000e+01   1.6754000e+01   5.7463000e+01
   8.1060000e+01   8.5170000e+01   7.8582000e+01
   5.2650000e+00   4.4260000e+01   3.0268000e+01
   3.9008000e+01   1.0963000e+01   5.4480000e+01
   9.9260000e+00   3.6907000e+01   3.0469000e+01
   1.0215000e+01   7.1885000e+01   8.1348000e+01
   2.1780000e+00   6.4426000e+01   7.8093000e+01
   2.8346000e+01   8.4987000e+01   3.3262000e+01
   2.0215000e+01   2.6735000e+01   6.3536000e+01
   6.4770000e+00   3.3935000e+01   7.8497000e+01
   2.9307000e+01   8.6928000e+01   2.1232000e+01
   3.5075000e+01   6.5406000e+01   1.2591000e+01
   5.0638000e+01   5.8874000e+01   7.5992000e+01
   3.6229000e+01   3.9826000e+01   8.8912000e+01
   5.1819000e+01   7.6563000e+01   6.6445000e+01
   3.5314000e+01   6.3815000e+01   7.3715000e+01
   8.8011000e+01   6.3965000e+01   3.8412000e+01
   5.6610000e+00   1.6779000e+01   8.6479000e+01
   5.1470000e+00   1.0522000e+01   7.5080000e+01
   1.7853000e+01   1.5138000e+01   8.3227000e+01
   3.5556000e+01   6.2913000e+01   6.3401000e+01
   8.7698000e+01   7.5291000e+01   7.1161000e+01
   4.5084000e+01   7.5721000e+01   6.3789000e+01
   2.5843000e+01   3.5128000e+01   6.1047000e+01
   2.3943000e+01   8.6742000e+01   7.3734000e+01
   2.8692000e+01   7.8244000e+01   1.5107000e+01
   8.4853000e+01   8.4250000e+01   6.1090000e+00
   9.0100000e-01   5.1401000e+01   7.4402000e+01
   4.9700000e-01   7.6770000e+01   8.8682000e+01
   8.0285000e+01   8.3863000e+01   8.3864000e+01
   7.5984000e+01   8.5440000e+01   1.6425000e+01
   6.4272000e+01   7.9011000e+01   6.9210000e+01
   6.5983000e+01   5.4455000e+01   4.0381000e+01
   4.4938000e+01   3.2096000e+01   5.1093000e+01
   1.4299000e+01   6.9119000e+01   1.2646000e+01
   1.3129000e+01   1.7257000e+01   6.5415000e+01
   8.4067000e+01   8.8456000e+01   4.7619000e+01
   1.2756000e+01   2.8872000e+01   2.3671000e+01
   8.8190000e+01   8.7894000e+01   4.7080000e+00
   8.7355000e+01   8.7383000e+01   4.7960000e+00
   1.7488000e+01   8.1262000e+01   8.7866000e+01
   6.0410000e+01   8.6368000e+01   7.7047000e+01
   1.4200000e+00   5.9339000e+01   8.7292000e+01
   1.2132000e+01   7.1587000e+01   5.5070000e+00
   1.0141000e+01   4.7626000e+01   8.8467000e+01
   3.1216000e+01   2.9737000e+01   5.5255000e+01
   7.4748000e+01   8.6481000e+01   8.3738000e+01
   7.4847000e+01   8.4053000e+01   1.1539000e+01
   1.9360000e+00   4.9116000e+01   9.4920000e+00
   1.1180000e+00   5.1821000e+01   1.1890000e+00
   6.9630000e+00   3.9935000e+01   6.6085000e+01
   8.8547000e+01   8.8914000e+01   3.0000000e-02
   1.1294000e+01   5.4166000e+01   7.0188000e+01
   8.5707000e+01   8.2749000e+01   2.4437000e+01
   7.4124000e+01   7.5670000e+01   1.5195000e+01
   1.3187000e+01   8.0071000e+01   5.6360000e+00
   8.7174000e+01   8.0234000e+01   8.9758000e+01
   8.1930000e+00   7.0275000e+01   8.5310000e+00
   8.9843000e+01   8.7542000e+01   6.2020000e+00
   8.4573000e+01   8.5079000e+01   3.0350000e+00
   8.3279000e+01   2.2329000e+01   1.3632000e+01
   8.9659000e+01   8.6492000e+01   8.5163000e+01
   8.0491000e+01   8.0222000e+01   1.2500000e+00
   8.2842000e+01   8.5344000e+01   6.7050000e+00
   1.5112000e+01   5.5964000e+01   3.8210000e+00
   9.1490000e+00   6.5620000e+01   3.0304000e+01
   5.1953000e+01   2.1538000e+01   4.8608000e+01
   5.5200000e+01   7.0883000e+01   8.3441000e+01
   3.8712000e+01   5.5738000e+01   5.9333000e+01
   2.7190000e+00   8.5735000e+01   8.9149000e+01
   7.9380000e+00   6.9394000e+01   8.9366000e+01
   1.6334000e+01   8.4300000e+00   5.5700000e+01
   7.4110000e+00   8.0422000e+01   8.4243000e+01
   3.6973000e+01   3.2845000e+01   6.9455000e+01
   8.2287000e+01   8.9788000e+01   6.5851000e+01
   8.7440000e+01   7.8696000e+01   5.2740000e+00
   8.4553000e+01   8.0667000e+01   2.5429000e+01
   1.7743000e+01   2.6383000e+01   3.5589000e+01
   6.3459000e+01   8.2371000e+01   5.0970000e+01
   4.0708000e+01   1.6042000e+01   6.2995000e+01
   2.3072300e+02   7.8854000e+01   7.2787000e+01
   2.6269100e+02   7.3985000e+01   2.4561000e+01
   2.4917200e+02   4.0871000e+01   1.9776000e+01
   2.6957200e+02   8.6604000e+01   5.5727000e+01
   2.0348700e+02   7.3170000e+01   8.5767000e+01
   1.8983300e+02   8.7672000e+01   1.9960000e+01
   2.2922600e+02   4.1577000e+01   2.5401000e+01
   2.6399600e+02   3.5165000e+01   8.9840000e+00
   2.2062300e+02   7.2535000e+01   2.9914000e+01
   2.5777700e+02   4.7718000e+01   3.3938000e+01
   2.6582000e+02   7.7500000e-01   1.7134000e+01
   2.6968400e+02   8.6937000e+01   8.3490000e+01
   1.9419800e+02   2.5553000e+01   4.3120000e+00
   2.3754000e+02   8.5863000e+01   7.2471000e+01
   2.0005100e+02   3.3812000e+01   2.2676000e+01
   2.6835700e+02   6.4064000e+01   2.1891000e+01
   1.8873200e+02   5.3144000e+01   6.7711000e+01
   2.3926200e+02   7.1236000e+01   7.1476000e+01
   1.9588400e+02   1.8729000e+01   6.8634000e+01
   1.8731200e+02   3.1307000e+01   7.7492000e+01
   1.9683400e+02   5.1725000e+01   9.1740000e+00
   2.0169300e+02   5.2443000e+01   6.2179000e+01
   1.8728100e+02   8.2265000e+01   8.9753000e+01
   1.9704000e+02   1.3632000e+01   8.4930000e+01
   2.0452800e+02   5.9304000e+01   7.5943000e+01
   1.9605400e+02   6.6060000e+01   2.8021000e+01
   2.6495200e+02   8.8788000e+01   9.6400000e-01
   2.6995100e+02   8.6977000e+01   8.5864000e+01
   2.6882700e+02   8.8660000e+01   2.0965000e+01
   2.6575400e+02   8.9586000e+01   6.2086000e+01
   1.8319700e+02   8.8956000e+01   5.4178000e+01
   2.1501200e+02   7.5932000e+01   3.0870000e+00
   2.2319700e+02   8.1815000e+01   2.8291000e+01
   2.2636900e+02   8.4691000e+01   6.3904000e+01
   1.9457400e+02   1.8210000e+01   7.5690000e+01
   2.3869600e+02   5.0112000e+01   2.7016000e+01
   2.6843400e+02   2.5524000e+01   6.6830000e+00
   1.8260100e+02   6.2974000e+01   8.5399000e+01
   1.8976400e+02   2.8435000e+01   3.1397000e+01
   2.1961500e+02   7.6079000e+01   6.1286000e+01
   2.0474500e+02   4.3785000e+01   6.4390000e+01
   2.6799500e+02   8.7660000e+01   1.0756000e+01
   2.6642700e+02   6.3419000e+01   7.4962000e+01
   1.9084900e+02   3.3550000e+01   7.9491000e+01
   1.8126900e+02   5.2200000e+01   7.3858000e+01
   2.2885200e+02   7.5195000e+01   7.2207000e+01
   1.8109300e+02   8.8451000e+01   8.3466000e+01
   2.3153600e+02   4.1254000e+01   5.1492000e+01
   2.6927200e+02   8.9346000e+01   4.9600000e+00
   1.9535700e+02   7.8796000e+01   2.7630000e+00
   1.8193100e+02   7.8722000e+01   8.8105000e+01
   2.1443500e+02   7.3799000e+01   6.9908000e+01
   2.6398800e+02   8.6450000e+01   5.5299000e+01
   2.4372300e+02   8.1355000e+01   1.6985000e+01
   2.6015900e+02   1.8548000e+01   1.8381000e+01
   1.8998400e+02   5.5101000e+01   2.3040000e+00
   2.1925000e+02   7.1869000e+01   6.4761000e+01
   2.0538200e+02   6.9115000e+01   8.6185000e+01
   1.8526000e+02   6.1452000e+01   1.1687000e+01
   1.8609500e+02   1.4888000e+01   7.0600000e-01
   1.9114000e+02   2.1808000e+01   7.9186000e+01
   1.8263100e+02   6.4264000e+01   4.7930000e+00
   1.8732300e+02   5.7967000e+01   7.3120000e+00
   2.5014400e+02   2.2853000e+01   2.7387000e+01
   1.9871000e+02   6.5360000e+00   5.8551000e+01
   2.1019700e+02   6.0835000e+01   1.1396000e+01
   2.6707800e+02   3.6465000e+01   2.6217000e+01
   1.8764700e+02   1.1958000e+01   7.7893000e+01
   1.9985600e+02   8.2166000e+01   2.1377000e+01
   1.8094200e+02   6.2589000e+01   7.9760000e+00
   2.6965400e+02   8.5061000e+01   7.9710000e+00
   1.8062900e+02   7.5704000e+01   3.0084000e+01
   2.6058400e+02   7.2662000e+01   6.0569000e+01
   2.6596000e+02   8.8753000e+01   7.7887000e+01
   2.1216600e+02   6.8838000e+01   7.0845000e+01
   1.9244000e+02   1.1343000e+01   8.4584000e+01
   1.8443300e+02   6.2670000e+01   8.9039000e+01
   1.8927300e+02   8.2730000e+00   7.9310000e+01
   1.9353600e+02   1.6004000e+01   8.2806000e+01
   2.4206100e+02   1.1745000e+01   2.1408000e+01
   2.6368500e+02   8.6262000e+01   1.7757000e+01
   2.5325900e+02   3.3844000e+01   2.3141000e+01
   2.6134500e+02   7.9106000e+01   3.0507000e+01
   1.9260200e+02   7.3880000e+00   7.5443000e+01
   2.5255000e+02   6.8448000e+01   5.0953000e+01
   2.3574600e+02   7.2390000e+01   6.4591000e+01
   2.2318600e+02   2.3514000e+01   4.5007000e+01
   2.2338400e+02   5.9533000e+01   6.6291000e+01
   1.8396900e+02   6.3127000e+01   7.8428000e+01
   2.6043100e+02   8.6390000e+01   8.8940000e+00
   2.6024400e+02   2.7552000e+01   6.5552000e+01
   1.8348800e+02   4.5009000e+01   1.9779000e+01
   2.4854000e+02   1.3248000e+01   4.0181000e+01
   2.6997800e+02   8.5368000e+01   2.1984000e+01
   1.8031600e+02   8.0449000e+01   8.6482000e+01
   2.6015600e+02   8.9243000e+01   2.1169000e+01
   1.8855900e+02   7.0781000e+01   1.1346000e+01
   2.0075100e+02   8.1375000e+01   1.4365000e+01
   2.5840400e+02   8.5458000e+01   7.9400000e-01
   1.9053100e+02   7.5903000e+01   8.8857000e+01
   2.6443500e+02   8.0557000e+01   2.3369000e+01
   2.3666900e+02   8.2214000e+01   3.3457000e+01
   1.8032400e+02   6.6808000e+01   7.6561000e+01
   1.8581200e+02   3.0279000e+01   8.0931000e+01
   2.6909900e+02   8.9169000e+01   3.4470000e+00
   2.2342200e+02   6.2111000e+01   1.9309000e+01
   2.6254300e+02   5.2379000e+01   3.7204000e+01
   1.9172800e+02   1.7916000e+01   7.7423000e+01
   1.8046700e+02   3.4390000e+00   1.8730000e+00
   1.9455700e+02   3.1525000e+01   5.7845000e+01
   1.8891800e+02   5.5590000e+01   7.8969000e+01
   2.2967100e+02   7.0310000e+01   6.9224000e+01
   1.9150300e+02   1.0455000e+01   8.5982000e+01
   2.2939100e+02   7.7577000e+01   7.4580000e+01
   2.6635500e+02   8.9904000e+01   8.3235000e+01
   1.9028600e+02   1.5587000e+01   4.1373000e+01
   2.6204800e+02   8.3896000e+01   7.8662000e+01
   2.5060000e+02   6.3650000e+00   2.5725000e+01
   2.6382800e+02   8.9862000e+01   8.4482000e+01
   1.8093900e+02   7.8683000e+01   8.7179000e+01
   2.1005100e+02   8.4410000e+01   7.7703000e+01
   2.0367400e+02   2.6693000e+01   7.3355000e+01
   1.9995500e+02   6.9261000e+01   8.0049000e+01
   1.9264600e+02   8.4167000e+01   8.7407000e+01
   1.8173600e+02   8.2491000e+01   5.3560000e+00
   2.6385300e+02   8.3071000e+01   4.7830000e+01
   1.9017100e+02   6.6358000e+01   7.6695000e+01
   1.8996500e+02   6.9702000e+01   5.2500000e-01
   2.4623000e+02   3.9210000e+01   8.5224000e+01
   1.8264800e+02   5.5210000e+00   1.6095000e+01
   1.8002500e+02   3.6845000e+01   8.0049000e+01
   2.6537200e+02   8.2006000e+01   2.7371000e+01
   1.8591400e+02   7.8833000e+01   8.8099000e+01
   1.9116800e+02   8.0314000e+01   1.9580000e+00
   2.0564000e+02   2.1371000e+01   2.5747000e+01
   2.3543000e+02   5.2007000e+01   3.9376000e+01
   2.0378300e+02   7.4158000e+01   1.1525000e+01
   2.5848900e+02   6.7217000e+01   5.6570000e+01
   1.9027500e+02   2.9937000e+01   5.6381000e+01
   1.9268100e+02   1.0191000e+01   8.9930000e+00
   2.5984800e+02   8.5652000e+01   6.8362000e+01
   2.6555900e+02   7.4052000e+01   5.7713000e+01
   2.6300700e+02   8.7252000e+01   8.8558000e+01
   2.2843500e+02   1.7934000e+01   5.1585000e+01
   1.9424100e+02   2.1562000e+01   8.0661000e+01
   2.6404800e+02   7.4167000e+01   7.1306000e+01
   1.8428500e+02   8.8618000e+01   8.0060000e+01
   2.6848100e+02   4.0540000e+00   6.2540000e+00
   2.4292900e+02   4.1426000e+01   8.5530000e+00
   1.9616700e+02   8.5310000e+01   1.9200000e+00
   2.3136000e+02   7.5376000e+01   7.0609000e+01
   2.6611600e+02   8.2955000e+01   3.7978000e+01
   2.4834000e+02   1.4383000e+01   2.5006000e+01
   2.6004600e+02   8.6769000e+01   7.6887000e+01
   2.1993100e+02   5.9661000e+01   6.7466000e+01
   2.3898700e+02   7.1896000e+01   1.4615000e+01
   1.8158800e+02   6.0136000e+01   8.9294000e+01
   2.2481500e+02   5.2960000e+01   5.2376000e+01
   2.2907200e+02   5.5745000e+01   8.1090000e+01
   2.5788200e+02   7.4644000e+01   7.6632000e+01
   1.8541400e+02   4.2000000e+00   8.8237000e+01
   2.1275900e+02   2.5626000e+01   6.9046000e+01
   2.2226800e+02   5.7479000e+01   1.2519000e+01
   2.6788500e+02   2.9010000e+00   8.6174000e+01
   2.5609100e+02   6.9304000e+01   3.8593000e+01
   1.8749000e+02   8.6812000e+01   8.8695000e+01
   1.8163700e+02   6.1012000e+01   4.2941000e+01
   1.9047000e+02   8.2533000e+01   8.5715000e+01
   2.6897800e+02   8.1002000e+01   8.4358000e+01
   2.0987000e+02   8.5845000e+01   7.8579000e+01
   2.0375900e+02   1.6754000e+01   5.7463000e+01
   2.6106000e+02   8.5170000e+01   7.8582000e+01
   1.8526500e+02   4.4260000e+01   3.0268000e+01
   2.1900800e+02   1.0963000e+01   5.4480000e+01
   1.8992600e+02   3.6907000e+01   3.0469000e+01
   1.9021500e+02   7.1885000e+01   8.1348000e+01
   1.8217800e+02   6.4426000e+01   7.8093000e+01
   2.0834600e+02   8.4987000e+01   3.3262000e+01
   2.0021500e+02   2.6735000e+01   6.3536000e+01
   1.8647700e+02   3.3935000e+01   7.8497000e+01
   2.0930700e+02   8.6928000e+01   2.1232000e+01
   2.1507500e+02   6.5406000e+01   1.2591000e+01
   2.3063800e+02   5.8874000e+01   7.5992000e+01
   2.1622900e+02   3.9826000e+01   8.8912000e+01
   2.3181900e+02   7.6563000e+01   6.6445000e+01
   2.1531400e+02   6.3815000e+01   7.3715000e+01
   2.6801100e+02   6.3965000e+01   3.8412000e+01
   1.8566100e+02   1.6779000e+01   8.6479000e+01
   1.8514700e+02   1.0522000e+01   7.5080000e+01
   1.9785300e+02   1.5138000e+01   8.3227000e+01
   2.1555600e+02   6.2913000e+01   6.3401000e+01
   2.6769800e+02   7.5291000e+01   7.1161000e+01
   2.2508400e+02   7.5721000e+01   6.3789000e+01
   2.0584300e+02   3.5128000e+01   6.1047000e+01
   2.0394300e+02   8.6742000e+01   7.3734000e+01
   2.0869200e+02   7.8244000e+01   1.5107000e+01
   2.6485300e+02   8.4250000e+01   6.1090000e+00
   1.8090100e+02   5.1401000e+01   7.4402000e+01
   1.8049700e+02   7.6770000e+01   8.8682000e+01
   2.6028500e+02   8.3863000e+01   8.3864000e+01
   2.5598400e+02   8.5440000e+01   1.6425000e+01
   2.4427200e+02   7.9011000e+01   6.9210000e+01
   2.4598300e+02   5.4455000e+01   4.0381000e+01
   2.2493800e+02   3.2096000e+01   5.1093000e+01
   1.9429900e+02   6.9119000e+01   1.2646000e+01
   1.9312900e+02   1.7257000e+01   6.5415000e+01
   2.6406700e+02   8.8456000e+01   4.7619000e+01
   1.9275600e+02   2.8872000e+01   2.3671000e+01
   2.6819000e+02   8.7894000e+01   4.7080000e+00
   2.6735500e+02   8.7383000e+01   4.7960000e+00
   1.9748800e+02   8.1262000e+01   8.7866000e+01
   2.4041000e+02   8.6368000e+01   7.7047000e+01
   1.8142000e+02   5.9339000e+01   8.7292000e+01
   1.9213200e+02   7.1587000e+01   5.5070000e+00
   1.9014100e+02   4.7626000e+01   8.8467000e+01
   2.1121600e+02   2.9737000e+01   5.5255000e+01
   2.5474800e+02   8.6481000e+01   8.3738000e+01
   2.5484700e+02   8.4053000e+01   1.1539000e+01
   1.8193600e+02   4.9116000e+01   9.4920000e+00
   1.8111800e+02   5.1821000e+01   1.1890000e+00
   1.8696300e+02   3.9935000e+01   6.6085000e+01
   2.6854700e+02   8.8914000e+01   3.0000000e-02
   1.9129400e+02   5.4166000e+01   7.0188000e+01
   2.6570700e+02   8.2749000e+01   2.4437000e+01
   2.5412400e+02   7.5670000e+01   1.5195000e+01
   1.9318700e+02   8.0071000e+01   5.6360000e+00
   2.6717400e+02   8.0234000e+01   8.9758000e+01
   1.8819300e+02   7.0275000e+01   8.5310000e+00
   2.6984300e+02   8.7542000e+01   6.2020000e+00
   2.6457300e+02   8.5079000e+01   3.0350000e+00
   2.6327900e+02   2.2329000e+01   1.3632000e+01
   2.6965900e+02   8.6492000e+01   8.5163000e+01
   2.6049100e+02   8.0222000e+01   1.2500000e+00
   2.6284200e+02   8.5344000e+01   6.7050000e+00
   1.9511200e+02   5.5964000e+01   3.8210000e+00
   1.8914900e+02   6.5620000e+01   3.0304000e+01
   2.3195300e+02   2.1538000e+01   4.8608000e+01
   2.3520000e+02   7.0883000e+01   8.3441000e+01
   2.1871200e+02   5.5738000e+01   5.9333000e+01
   1.8271900e+02   8.5735000e+01   8.9149000e+01
   1.8793800e+02   6.9394000e+01   8.9366000e+01
   1.9633400e+02   8.4300000e+00   5.5700000e+01
   1.8741100e+02   8.0422000e+01   8.4243000e+01
   2.1697300e+02   3.2845000e+01   6.9455000e+01
   2.6228700e+02   8.9788000e+01   6.5851000e+01
   2.6744000e+02   7.8696000e+01   5.2740000e+00
   2.6455300e+02   8.0667000e+01   2.5429000e+01
   1.9774300e+02   2.6383000e+01   3.5589000e+01
   2.4345900e+02   8.2371000e+01   5.0970000e+01
   2.2070800e+02   1.6042000e+01   6.2995000e+01
   3.0927700e+02   1.0114600e+02   2.5278700e+02
   2.7730900e+02   1.0601500e+02   2.0456100e+02
   2.9082800e+02   1.3912900e+02   1.9977600e+02
   2.7042800e+02   9.3396000e+01   2.3572700e+02
   3.3651300e+02   1.0683000e+02   2.6576700e+02
   3.5016700e+02   9.2328000e+01   1.9996000e+02
   3.1077400e+02   1.3842300e+02   2.0540100e+02
   2.7600400e+02   1.4483500e+02   1.8898400e+02
   3.1937700e+02   1.0746500e+02   2.0991400e+02
   2.8222300e+02   1.3228200e+02   2.1393800e+02
   2.7418000e+02   1.7922500e+02   1.9713400e+02
   2.7031600e+02   9.3063000e+01   2.6349000e+02
   3.4580200e+02   1.5444700e+02   1.8431200e+02
   3.0246000e+02   9.4137000e+01   2.5247100e+02
   3.3994900e+02   1.4618800e+02   2.0267600e+02
   2.7164300e+02   1.1593600e+02   2.0189100e+02
   3.5126800e+02   1.2685600e+02   2.4771100e+02
   3.0073800e+02   1.0876400e+02   2.5147600e+02
   3.4411600e+02   1.6127100e+02   2.4863400e+02
   3.5268800e+02   1.4869300e+02   2.5749200e+02
   3.4316600e+02   1.2827500e+02   1.8917400e+02
   3.3830700e+02   1.2755700e+02   2.4217900e+02
   3.5271900e+02   9.7735000e+01   2.6975300e+02
   3.4296000e+02   1.6636800e+02   2.6493000e+02
   3.3547200e+02   1.2069600e+02   2.5594300e+02
   3.4394600e+02   1.1394000e+02   2.0802100e+02
   2.7504800e+02   9.1212000e+01   1.8096400e+02
   2.7004900e+02   9.3023000e+01   2.6586400e+02
   2.7117300e+02   9.1340000e+01   2.0096500e+02
   2.7424600e+02   9.0414000e+01   2.4208600e+02
   3.5680300e+02   9.1044000e+01   2.3417800e+02
   3.2498800e+02   1.0406800e+02   1.8308700e+02
   3.1680300e+02   9.8185000e+01   2.0829100e+02
   3.1363100e+02   9.5309000e+01   2.4390400e+02
   3.4542600e+02   1.6179000e+02   2.5569000e+02
   3.0130400e+02   1.2988800e+02   2.0701600e+02
   2.7156600e+02   1.5447600e+02   1.8668300e+02
   3.5739900e+02   1.1702600e+02   2.6539900e+02
   3.5023600e+02   1.5156500e+02   2.1139700e+02
   3.2038500e+02   1.0392100e+02   2.4128600e+02
   3.3525500e+02   1.3621500e+02   2.4439000e+02
   2.7200500e+02   9.2340000e+01   1.9075600e+02
   2.7357300e+02   1.1658100e+02   2.5496200e+02
   3.4915100e+02   1.4645000e+02   2.5949100e+02
   3.5873100e+02   1.2780000e+02   2.5385800e+02
   3.1114800e+02   1.0480500e+02   2.5220700e+02
   3.5890700e+02   9.1549000e+01   2.6346600e+02
   3.0846400e+02   1.3874600e+02   2.3149200e+02
   2.7072800e+02   9.0654000e+01   1.8496000e+02
   3.4464300e+02   1.0120400e+02   1.8276300e+02
   3.5806900e+02   1.0127800e+02   2.6810500e+02
   3.2556500e+02   1.0620100e+02   2.4990800e+02
   2.7601200e+02   9.3550000e+01   2.3529900e+02
   2.9627700e+02   9.8645000e+01   1.9698500e+02
   2.7984100e+02   1.6145200e+02   1.9838100e+02
   3.5001600e+02   1.2489900e+02   1.8230400e+02
   3.2075000e+02   1.0813100e+02   2.4476100e+02
   3.3461800e+02   1.1088500e+02   2.6618500e+02
   3.5474000e+02   1.1854800e+02   1.9168700e+02
   3.5390500e+02   1.6511200e+02   1.8070600e+02
   3.4886000e+02   1.5819200e+02   2.5918600e+02
   3.5736900e+02   1.1573600e+02   1.8479300e+02
   3.5267700e+02   1.2203300e+02   1.8731200e+02
   2.8985600e+02   1.5714700e+02   2.0738700e+02
   3.4129000e+02   1.7346400e+02   2.3855100e+02
   3.2980300e+02   1.1916500e+02   1.9139600e+02
   2.7292200e+02   1.4353500e+02   2.0621700e+02
   3.5235300e+02   1.6804200e+02   2.5789300e+02
   3.4014400e+02   9.7834000e+01   2.0137700e+02
   3.5905800e+02   1.1741100e+02   1.8797600e+02
   2.7034600e+02   9.4939000e+01   1.8797100e+02
   3.5937100e+02   1.0429600e+02   2.1008400e+02
   2.7941600e+02   1.0733800e+02   2.4056900e+02
   2.7404000e+02   9.1247000e+01   2.5788700e+02
   3.2783400e+02   1.1116200e+02   2.5084500e+02
   3.4756000e+02   1.6865700e+02   2.6458400e+02
   3.5556700e+02   1.1733000e+02   2.6903900e+02
   3.5072700e+02   1.7172700e+02   2.5931000e+02
   3.4646400e+02   1.6399600e+02   2.6280600e+02
   2.9793900e+02   1.6825500e+02   2.0140800e+02
   2.7631500e+02   9.3738000e+01   1.9775700e+02
   2.8674100e+02   1.4615600e+02   2.0314100e+02
   2.7865500e+02   1.0089400e+02   2.1050700e+02
   3.4739800e+02   1.7261200e+02   2.5544300e+02
   2.8745000e+02   1.1155200e+02   2.3095300e+02
   3.0425400e+02   1.0761000e+02   2.4459100e+02
   3.1681400e+02   1.5648600e+02   2.2500700e+02
   3.1661600e+02   1.2046700e+02   2.4629100e+02
   3.5603100e+02   1.1687300e+02   2.5842800e+02
   2.7956900e+02   9.3610000e+01   1.8889400e+02
   2.7975600e+02   1.5244800e+02   2.4555200e+02
   3.5651200e+02   1.3499100e+02   1.9977900e+02
   2.9146000e+02   1.6675200e+02   2.2018100e+02
   2.7002200e+02   9.4632000e+01   2.0198400e+02
   3.5968400e+02   9.9551000e+01   2.6648200e+02
   2.7984400e+02   9.0757000e+01   2.0116900e+02
   3.5144100e+02   1.0921900e+02   1.9134600e+02
   3.3924900e+02   9.8625000e+01   1.9436500e+02
   2.8159600e+02   9.4542000e+01   1.8079400e+02
   3.4946900e+02   1.0409700e+02   2.6885700e+02
   2.7556500e+02   9.9443000e+01   2.0336900e+02
   3.0333100e+02   9.7786000e+01   2.1345700e+02
   3.5967600e+02   1.1319200e+02   2.5656100e+02
   3.5418800e+02   1.4972100e+02   2.6093100e+02
   2.7090100e+02   9.0831000e+01   1.8344700e+02
   3.1657800e+02   1.1788900e+02   1.9930900e+02
   2.7745700e+02   1.2762100e+02   2.1720400e+02
   3.4827200e+02   1.6208400e+02   2.5742300e+02
   3.5953300e+02   1.7656100e+02   1.8187300e+02
   3.4544300e+02   1.4847500e+02   2.3784500e+02
   3.5108200e+02   1.2441000e+02   2.5896900e+02
   3.1032900e+02   1.0969000e+02   2.4922400e+02
   3.4849700e+02   1.6954500e+02   2.6598200e+02
   3.1060900e+02   1.0242300e+02   2.5458000e+02
   2.7364500e+02   9.0096000e+01   2.6323500e+02
   3.4971400e+02   1.6441300e+02   2.2137300e+02
   2.7795200e+02   9.6104000e+01   2.5866200e+02
   2.8940000e+02   1.7363500e+02   2.0572500e+02
   2.7617200e+02   9.0138000e+01   2.6448200e+02
   3.5906100e+02   1.0131700e+02   2.6717900e+02
   3.2994900e+02   9.5590000e+01   2.5770300e+02
   3.3632600e+02   1.5330700e+02   2.5335500e+02
   3.4004500e+02   1.1073900e+02   2.6004900e+02
   3.4735400e+02   9.5833000e+01   2.6740700e+02
   3.5826400e+02   9.7509000e+01   1.8535600e+02
   2.7614700e+02   9.6929000e+01   2.2783000e+02
   3.4982900e+02   1.1364200e+02   2.5669500e+02
   3.5003500e+02   1.1029800e+02   1.8052500e+02
   2.9377000e+02   1.4079000e+02   2.6522400e+02
   3.5735200e+02   1.7447900e+02   1.9609500e+02
   3.5997500e+02   1.4315500e+02   2.6004900e+02
   2.7462800e+02   9.7994000e+01   2.0737100e+02
   3.5408600e+02   1.0116700e+02   2.6809900e+02
   3.4883200e+02   9.9686000e+01   1.8195800e+02
   3.3436000e+02   1.5862900e+02   2.0574700e+02
   3.0457000e+02   1.2799300e+02   2.1937600e+02
   3.3621700e+02   1.0584200e+02   1.9152500e+02
   2.8151100e+02   1.1278300e+02   2.3657000e+02
   3.4972500e+02   1.5006300e+02   2.3638100e+02
   3.4731900e+02   1.6980900e+02   1.8899300e+02
   2.8015200e+02   9.4348000e+01   2.4836200e+02
   2.7444100e+02   1.0594800e+02   2.3771300e+02
   2.7699300e+02   9.2748000e+01   2.6855800e+02
   3.1156500e+02   1.6206600e+02   2.3158500e+02
   3.4575900e+02   1.5843800e+02   2.6066100e+02
   2.7595200e+02   1.0583300e+02   2.5130600e+02
   3.5571500e+02   9.1382000e+01   2.6006000e+02
   2.7151900e+02   1.7594600e+02   1.8625400e+02
   2.9707100e+02   1.3857400e+02   1.8855300e+02
   3.4383300e+02   9.4690000e+01   1.8192000e+02
   3.0864000e+02   1.0462400e+02   2.5060900e+02
   2.7388400e+02   9.7045000e+01   2.1797800e+02
   2.9166000e+02   1.6561700e+02   2.0500600e+02
   2.7995400e+02   9.3231000e+01   2.5688700e+02
   3.2006900e+02   1.2033900e+02   2.4746600e+02
   3.0101300e+02   1.0810400e+02   1.9461500e+02
   3.5841200e+02   1.1986400e+02   2.6929400e+02
   3.1518500e+02   1.2704000e+02   2.3237600e+02
   3.1092800e+02   1.2425500e+02   2.6109000e+02
   2.8211800e+02   1.0535600e+02   2.5663200e+02
   3.5458600e+02   1.7580000e+02   2.6823700e+02
   3.2724100e+02   1.5437400e+02   2.4904600e+02
   3.1773200e+02   1.2252100e+02   1.9251900e+02
   2.7211500e+02   1.7709900e+02   2.6617400e+02
   2.8390900e+02   1.1069600e+02   2.1859300e+02
   3.5251000e+02   9.3188000e+01   2.6869500e+02
   3.5836300e+02   1.1898800e+02   2.2294100e+02
   3.4953000e+02   9.7467000e+01   2.6571500e+02
   2.7102200e+02   9.8998000e+01   2.6435800e+02
   3.3013000e+02   9.4155000e+01   2.5857900e+02
   3.3624100e+02   1.6324600e+02   2.3746300e+02
   2.7894000e+02   9.4830000e+01   2.5858200e+02
   3.5473500e+02   1.3574000e+02   2.1026800e+02
   3.2099200e+02   1.6903700e+02   2.3448000e+02
   3.5007400e+02   1.4309300e+02   2.1046900e+02
   3.4978500e+02   1.0811500e+02   2.6134800e+02
   3.5782200e+02   1.1557400e+02   2.5809300e+02
   3.3165400e+02   9.5013000e+01   2.1326200e+02
   3.3978500e+02   1.5326500e+02   2.4353600e+02
   3.5352300e+02   1.4606500e+02   2.5849700e+02
   3.3069300e+02   9.3072000e+01   2.0123200e+02
   3.2492500e+02   1.1459400e+02   1.9259100e+02
   3.0936200e+02   1.2112600e+02   2.5599200e+02
   3.2377100e+02   1.4017400e+02   2.6891200e+02
   3.0818100e+02   1.0343700e+02   2.4644500e+02
   3.2468600e+02   1.1618500e+02   2.5371500e+02
   2.7198900e+02   1.1603500e+02   2.1841200e+02
   3.5433900e+02   1.6322100e+02   2.6647900e+02
   3.5485300e+02   1.6947800e+02   2.5508000e+02
   3.4214700e+02   1.6486200e+02   2.6322700e+02
   3.2444400e+02   1.1708700e+02   2.4340100e+02
   2.7230200e+02   1.0470900e+02   2.5116100e+02
   3.1491600e+02   1.0427900e+02   2.4378900e+02
   3.3415700e+02   1.4487200e+02   2.4104700e+02
   3.3605700e+02   9.3258000e+01   2.5373400e+02
   3.3130800e+02   1.0175600e+02   1.9510700e+02
   2.7514700e+02   9.5750000e+01   1.8610900e+02
   3.5909900e+02   1.2859900e+02   2.5440200e+02
   3.5950300e+02   1.0323000e+02   2.6868200e+02
   2.7971500e+02   9.6137000e+01   2.6386400e+02
   2.8401600e+02   9.4560000e+01   1.9642500e+02
   2.9572800e+02   1.0098900e+02   2.4921000e+02
   2.9401700e+02   1.2554500e+02   2.2038100e+02
   3.1506200e+02   1.4790400e+02   2.3109300e+02
   3.4570100e+02   1.1088100e+02   1.9264600e+02
   3.4687100e+02   1.6274300e+02   2.4541500e+02
   2.7593300e+02   9.1544000e+01   2.2761900e+02
   3.4724400e+02   1.5112800e+02   2.0367100e+02
   2.7181000e+02   9.2106000e+01   1.8470800e+02
   2.7264500e+02   9.2617000e+01   1.8479600e+02
   3.4251200e+02   9.8738000e+01   2.6786600e+02
   2.9959000e+02   9.3632000e+01   2.5704700e+02
   3.5858000e+02   1.2066100e+02   2.6729200e+02
   3.4786800e+02   1.0841300e+02   1.8550700e+02
   3.4985900e+02   1.3237400e+02   2.6846700e+02
   3.2878400e+02   1.5026300e+02   2.3525500e+02
   2.8525200e+02   9.3519000e+01   2.6373800e+02
   2.8515300e+02   9.5947000e+01   1.9153900e+02
   3.5806400e+02   1.3088400e+02   1.8949200e+02
   3.5888200e+02   1.2817900e+02   1.8118900e+02
   3.5303700e+02   1.4006500e+02   2.4608500e+02
   2.7145300e+02   9.1086000e+01   1.8003000e+02
   3.4870600e+02   1.2583400e+02   2.5018800e+02
   2.7429300e+02   9.7251000e+01   2.0443700e+02
   2.8587600e+02   1.0433000e+02   1.9519500e+02
   3.4681300e+02   9.9929000e+01   1.8563600e+02
   2.7282600e+02   9.9766000e+01   2.6975800e+02
   3.5180700e+02   1.0972500e+02   1.8853100e+02
   2.7015700e+02   9.2458000e+01   1.8620200e+02
   2.7542700e+02   9.4921000e+01   1.8303500e+02
   2.7672100e+02   1.5767100e+02   1.9363200e+02
   2.7034100e+02   9.3508000e+01   2.6516300e+02
   2.7950900e+02   9.9778000e+01   1.8125000e+02
   2.7715800e+02   9.4656000e+01   1.8670500e+02
   3.4488800e+02   1.2403600e+02   1.8382100e+02
   3.5085100e+02   1.1438000e+02   2.1030400e+02
   3.0804700e+02   1.5846200e+02   2.2860800e+02
   3.0480000e+02   1.0911700e+02   2.6344100e+02
   3.2128800e+02   1.2426200e+02   2.3933300e+02
   3.5728100e+02   9.4265000e+01   2.6914900e+02
   3.5206200e+02   1.1060600e+02   2.6936600e+02
   3.4366600e+02   1.7157000e+02   2.3570000e+02
   3.5258900e+02   9.9578000e+01   2.6424300e+02
   3.2302700e+02   1.4715500e+02   2.4945500e+02
   2.7771300e+02   9.0212000e+01   2.4585100e+02
   2.7256000e+02   1.0130400e+02   1.8527400e+02
   2.7544700e+02   9.9333000e+01   2.0542900e+02
   3.4225700e+02   1.5361700e+02   2.1558900e+02
   2.9654100e+02   9.7629000e+01   2.3097000e+02
   3.1929200e+02   1.6395800e+02   2.4299500e+02
   1.2927700e+02   1.0114600e+02   2.5278700e+02
   9.7309000e+01   1.0601500e+02   2.0456100e+02
   1.1082800e+02   1.3912900e+02   1.9977600e+02
   9.0428000e+01   9.3396000e+01   2.3572700e+02
   1.5651300e+02   1.0683000e+02   2.6576700e+02
   1.7016700e+02   9.2328000e+01   1.9996000e+02
   1.3077400e+02   1.3842300e+02   2.0540100e+02
   9.6004000e+01   1.4483500e+02   1.8898400e+02
   1.3937700e+02   1.0746500e+02   2.0991400e+02
   1.0222300e+02   1.3228200e+02   2.1393800e+02
   9.4180000e+01   1.7922500e+02   1.9713400e+02
   9.0316000e+01   9.3063000e+01   2.6349000e+02
   1.6580200e+02   1.5444700e+02   1.8431200e+02
   1.2246000e+02   9.4137000e+01   2.5247100e+02
   1.5994900e+02   1.4618800e+02   2.0267600e+02
   9.1643000e+01   1.1593600e+02   2.0189100e+02
   1.7126800e+02   1.2685600e+02   2.4771100e+02
   1.2073800e+02   1.0876400e+02   2.5147600e+02
   1.6411600e+02   1.6127100e+02   2.4863400e+02
   1.7268800e+02   1.4869300e+02   2.5749200e+02
   1.6316600e+02   1.2827500e+02   1.8917400e+02
   1.5830700e+02   1.2755700e+02   2.4217900e+02
   1.7271900e+02   9.7735000e+01   2.6975300e+02
   1.6296000e+02   1.6636800e+02   2.6493000e+02
   1.5547200e+02   1.2069600e+02   2.5594300e+02
   1.6394600e+02   1.1394000e+02   2.0802100e+02
   9.5048000e+01   9.1212000e+01   1.8096400e+02
   9.0049000e+01   9.3023000e+01   2.6586400e+02
   9.1173000e+01   9.1340000e+01   2.0096500e+02
   9.4246000e+01   9.0414000e+01   2.4208600e+02
   1.7680300e+02   9.1044000e+01   2.3417800e+02
   1.4498800e+02   1.0406800e+02   1.8308700e+02
   1.3680300e+02   9.8185000e+01   2.0829100e+02
   1.3363100e+02   9.5309000e+01   2.4390400e+02
   1.6542600e+02   1.6179000e+02   2.5569000e+02
   1.2130400e+02   1.2988800e+02   2.0701600e+02
   9.1566000e+01   1.5447600e+02   1.8668300e+02
   1.7739900e+02   1.1702600e+02   2.6539900e+02
   1.7023600e+02   1.5156500e+02   2.1139700e+02
   1.4038500e+02   1.0392100e+02   2.4128600e+02
   1.5525500e+02   1.3621500e+02   2.4439000e+02
   9.2005000e+01   9.2340000e+01   1.9075600e+02
   9.3573000e+01   1.1658100e+02   2.5496200e+02
   1.6915100e+02   1.4645000e+02   2.5949100e+02
   1.7873100e+02   1.2780000e+02   2.5385800e+02
   1.3114800e+02   1.0480500e+02   2.5220700e+02
   1.7890700e+02   9.1549000e+01   2.6346600e+02
   1.2846400e+02   1.3874600e+02   2.3149200e+02
   9.0728000e+01   9.0654000e+01   1.8496000e+02
   1.6464300e+02   1.0120400e+02   1.8276300e+02
   1.7806900e+02   1.0127800e+02   2.6810500e+02
   1.4556500e+02   1.0620100e+02   2.4990800e+02
   9.6012000e+01   9.3550000e+01   2.3529900e+02
   1.1627700e+02   9.8645000e+01   1.9698500e+02
   9.9841000e+01   1.6145200e+02   1.9838100e+02
   1.7001600e+02   1.2489900e+02   1.8230400e+02
   1.4075000e+02   1.0813100e+02   2.4476100e+02
   1.5461800e+02   1.1088500e+02   2.6618500e+02
   1.7474000e+02   1.1854800e+02   1.9168700e+02
   1.7390500e+02   1.6511200e+02   1.8070600e+02
   1.6886000e+02   1.5819200e+02   2.5918600e+02
   1.7736900e+02   1.1573600e+02   1.8479300e+02
   1.7267700e+02   1.2203300e+02   1.8731200e+02
   1.0985600e+02   1.5714700e+02   2.0738700e+02
   1.6129000e+02   1.7346400e+02   2.3855100e+02
   1.4980300e+02   1.1916500e+02   1.9139600e+02
   9.2922000e+01   1.4353500e+02   2.0621700e+02
   1.7235300e+02   1.6804200e+02   2.5789300e+02
   1.6014400e+02   9.7834000e+01   2.0137700e+02
   1.7905800e+02   1.1741100e+02   1.8797600e+02
   9.0346000e+01   9.4939000e+01   1.8797100e+02
   1.7937100e+02   1.0429600e+02   2.1008400e+02
   9.9416000e+01   1.0733800e+02   2.4056900e+02
   9.4040000e+01   9.1247000e+01   2.5788700e+02
   1.4783400e+02   1.1116200e+02   2.5084500e+02
   1.6756000e+02   1.6865700e+02   2.6458400e+02
   1.7556700e+02   1.1733000e+02   2.6903900e+02
   1.7072700e+02   1.7172700e+02   2.5931000e+02
   1.6646400e+02   1.6399600e+02   2.6280600e+02
   1.1793900e+02   1.6825500e+02   2.0140800e+02
   9.6315000e+01   9.3738000e+01   1.9775700e+02
   1.0674100e+02   1.4615600e+02   2.0314100e+02
   9.8655000e+01   1.0089400e+02   2.1050700e+02
   1.6739800e+02   1.7261200e+02   2.5544300e+02
   1.0745000e+02   1.1155200e+02   2.3095300e+02
   1.2425400e+02   1.0761000e+02   2.4459100e+02
   1.3681400e+02   1.5648600e+02   2.2500700e+02
   1.3661600e+02   1.2046700e+02   2.4629100e+02
   1.7603100e+02   1.1687300e+02   2.5842800e+02
   9.9569000e+01   9.3610000e+01   1.8889400e+02
   9.9756000e+01   1.5244800e+02   2.4555200e+02
   1.7651200e+02   1.3499100e+02   1.9977900e+02
   1.1146000e+02   1.6675200e+02   2.2018100e+02
   9.0022000e+01   9.4632000e+01   2.0198400e+02
   1.7968400e+02   9.9551000e+01   2.6648200e+02
   9.9844000e+01   9.0757000e+01   2.0116900e+02
   1.7144100e+02   1.0921900e+02   1.9134600e+02
   1.5924900e+02   9.8625000e+01   1.9436500e+02
   1.0159600e+02   9.4542000e+01   1.8079400e+02
   1.6946900e+02   1.0409700e+02   2.6885700e+02
   9.5565000e+01   9.9443000e+01   2.0336900e+02
   1.2333100e+02   9.7786000e+01   2.1345700e+02
   1.7967600e+02   1.1319200e+02   2.5656100e+02
   1.7418800e+02   1.4972100e+02   2.6093100e+02
   9.0901000e+01   9.0831000e+01   1.8344700e+02
   1.3657800e+02   1.1788900e+02   1.9930900e+02
   9.7457000e+01   1.2762100e+02   2.1720400e+02
   1.6827200e+02   1.6208400e+02   2.5742300e+02
   1.7953300e+02   1.7656100e+02   1.8187300e+02
   1.6544300e+02   1.4847500e+02   2.3784500e+02
   1.7108200e+02   1.2441000e+02   2.5896900e+02
   1.3032900e+02   1.0969000e+02   2.4922400e+02
   1.6849700e+02   1.6954500e+02   2.6598200e+02
   1.3060900e+02   1.0242300e+02   2.5458000e+02
   9.3645000e+01   9.0096000e+01   2.6323500e+02
   1.6971400e+02   1.6441300e+02   2.2137300e+02
   9.7952000e+01   9.6104000e+01   2.5866200e+02
   1.0940000e+02   1.7363500e+02   2.0572500e+02
   9.6172000e+01   9.0138000e+01   2.6448200e+02
   1.7906100e+02   1.0131700e+02   2.6717900e+02
   1.4994900e+02   9.5590000e+01   2.5770300e+02
   1.5632600e+02   1.5330700e+02   2.5335500e+02
   1.6004500e+02   1.1073900e+02   2.6004900e+02
   1.6735400e+02   9.5833000e+01   2.6740700e+02
   1.7826400e+02   9.7509000e+01   1.8535600e+02
   9.6147000e+01   9.6929000e+01   2.2783000e+02
   1.6982900e+02   1.1364200e+02   2.5669500e+02
   1.7003500e+02   1.1029800e+02   1.8052500e+02
   1.1377000e+02   1.4079000e+02   2.6522400e+02
   1.7735200e+02   1.7447900e+02   1.9609500e+02
   1.7997500e+02   1.4315500e+02   2.6004900e+02
   9.4628000e+01   9.7994000e+01   2.0737100e+02
   1.7408600e+02   1.0116700e+02   2.6809900e+02
   1.6883200e+02   9.9686000e+01   1.8195800e+02
   1.5436000e+02   1.5862900e+02   2.0574700e+02
   1.2457000e+02   1.2799300e+02   2.1937600e+02
   1.5621700e+02   1.0584200e+02   1.9152500e+02
   1.0151100e+02   1.1278300e+02   2.3657000e+02
   1.6972500e+02   1.5006300e+02   2.3638100e+02
   1.6731900e+02   1.6980900e+02   1.8899300e+02
   1.0015200e+02   9.4348000e+01   2.4836200e+02
   9.4441000e+01   1.0594800e+02   2.3771300e+02
   9.6993000e+01   9.2748000e+01   2.6855800e+02
   1.3156500e+02   1.6206600e+02   2.3158500e+02
   1.6575900e+02   1.5843800e+02   2.6066100e+02
   9.5952000e+01   1.0583300e+02   2.5130600e+02
   1.7571500e+02   9.1382000e+01   2.6006000e+02
   9.1519000e+01   1.7594600e+02   1.8625400e+02
   1.1707100e+02   1.3857400e+02   1.8855300e+02
   1.6383300e+02   9.4690000e+01   1.8192000e+02
   1.2864000e+02   1.0462400e+02   2.5060900e+02
   9.3884000e+01   9.7045000e+01   2.1797800e+02
   1.1166000e+02   1.6561700e+02   2.0500600e+02
   9.9954000e+01   9.3231000e+01   2.5688700e+02
   1.4006900e+02   1.2033900e+02   2.4746600e+02
   1.2101300e+02   1.0810400e+02   1.9461500e+02
   1.7841200e+02   1.1986400e+02   2.6929400e+02
   1.3518500e+02   1.2704000e+02   2.3237600e+02
   1.3092800e+02   1.2425500e+02   2.6109000e+02
   1.0211800e+02   1.0535600e+02   2.5663200e+02
   1.7458600e+02   1.7580000e+02   2.6823700e+02
   1.4724100e+02   1.5437400e+02   2.4904600e+02
   1.3773200e+02   1.2252100e+02   1.9251900e+02
   9.2115000e+01   1.7709900e+02   2.6617400e+02
   1.0390900e+02   1.1069600e+02   2.1859300e+02
   1.7251000e+02   9.3188000e+01   2.6869500e+02
   1.7836300e+02   1.1898800e+02   2.2294100e+02
   1.6953000e+02   9.7467000e+01   2.6571500e+02
   9.1022000e+01   9.8998000e+01   2.6435800e+02
   1.5013000e+02   9.4155000e+01   2.5857900e+02
   1.5624100e+02   1.6324600e+02   2.3746300e+02
   9.8940000e+01   9.4830000e+01   2.5858200e+02
   1.7473500e+02   1.3574000e+02   2.1026800e+02
   1.4099200e+02   1.6903700e+02   2.3448000e+02
   1.7007400e+02   1.4309300e+02   2.1046900e+02
   1.6978500e+02   1.0811500e+02   2.6134800e+02
   1.7782200e+02   1.1557400e+02   2.5809300e+02
   1.5165400e+02   9.5013000e+01   2.1326200e+02
   1.5978500e+02   1.5326500e+02   2.4353600e+02
   1.7352300e+02   1.4606500e+02   2.5849700e+02
   1.5069300e+02   9.3072000e+01   2.0123200e+02
   1.4492500e+02   1.1459400e+02   1.9259100e+02
   1.2936200e+02   1.2112600e+02   2.5599200e+02
   1.4377100e+02   1.4017400e+02   2.6891200e+02
   1.2818100e+02   1.0343700e+02   2.4644500e+02
   1.4468600e+02   1.1618500e+02   2.5371500e+02
   9.1989000e+01   1.1603500e+02   2.1841200e+02
   1.7433900e+02   1.6322100e+02   2.6647900e+02
   1.7485300e+02   1.6947800e+02   2.5508000e+02
   1.6214700e+02   1.6486200e+02   2.6322700e+02
   1.4444400e+02   1.1708700e+02   2.4340100e+02
   9.2302000e+01   1.0470900e+02   2.5116100e+02
   1.3491600e+02   1.0427900e+02   2.4378900e+02
   1.5415700e+02   1.4487200e+02   2.4104700e+02
   1.5605700e+02   9.3258000e+01   2.5373400e+02
   1.5130800e+02   1.0175600e+02   1.9510700e+02
   9.5147000e+01   9.5750000e+01   1.8610900e+02
   1.7909900e+02   1.2859900e+02   2.5440200e+02
   1.7950300e+02   1.0323000e+02   2.6868200e+02
   9.9715000e+01   9.6137000e+01   2.6386400e+02
   1.0401600e+02   9.4560000e+01   1.9642500e+02
   1.1572800e+02   1.0098900e+02   2.4921000e+02
   1.1401700e+02   1.2554500e+02   2.2038100e+02
   1.3506200e+02   1.4790400e+02   2.3109300e+02
   1.6570100e+02   1.1088100e+02   1.9264600e+02
   1.6687100e+02   1.6274300e+02   2.4541500e+02
   9.5933000e+01   9.1544000e+01   2.2761900e+02
   1.6724400e+02   1.5112800e+02   2.0367100e+02
   9.1810000e+01   9.2106000e+01   1.8470800e+02
   9.2645000e+01   9.2617000e+01   1.8479600e+02
   1.6251200e+02   9.8738000e+01   2.6786600e+02
   1.1959000e+02   9.3632000e+01   2.5704700e+02
   1.7858000e+02   1.2066100e+02   2.6729200e+02
   1.6786800e+02   1.0841300e+02   1.8550700e+02
   1.6985900e+02   1.3237400e+02   2.6846700e+02
   1.4878400e+02   1.5026300e+02   2.3525500e+02
   1.0525200e+02   9.3519000e+01   2.6373800e+02
   1.0515300e+02   9.5947000e+01   1.9153900e+02
   1.7806400e+02   1.3088400e+02   1.8949200e+02
   1.7888200e+02   1.2817900e+02   1.8118900e+02
   1.7303700e+02   1.4006500e+02   2.4608500e+02
   9.1453000e+01   9.1086000e+01   1.8003000e+02
   1.6870600e+02   1.2583400e+02   2.5018800e+02
   9.4293000e+01   9.7251000e+01   2.0443700e+02
   1.0587600e+02   1.0433000e+02   1.9519500e+02
   1.6681300e+02   9.9929000e+01   1.8563600e+02
   9.2826000e+01   9.9766000e+01   2.6975800e+02
   1.7180700e+02   1.0972500e+02   1.8853100e+02
   9.0157000e+01   9.2458000e+01   1.8620200e+02
   9.5427000e+01   9.4921000e+01   1.8303500e+02
   9.6721000e+01   1.5767100e+02   1.9363200e+02
   9.0341000e+01   9.3508000e+01   2.6516300e+02
   9.9509000e+01   9.9778000e+01   1.8125000e+02
   9.7158000e+01   9.4656000e+01   1.8670500e+02
   1.6488800e+02   1.2403600e+02   1.8382100e+02
   1.7085100e+02   1.1438000e+02   2.1030400e+02
   1.2804700e+02   1.5846200e+02   2.2860800e+02
   1.2480000e+02   1.0911700e+02   2.6344100e+02
   1.4128800e+02   1.2426200e+02   2.3933300e+02
   1.7728100e+02   9.4265000e+01   2.6914900e+02
   1.7206200e+02   1.1060600e+02   2.6936600e+02
   1.6366600e+02   1.7157000e+02   2.3570000e+02
   1.7258900e+02   9.9578000e+01   2.6424300e+02
   1.4302700e+02   1.4715500e+02   2.4945500e+02
   9.7713000e+01   9.0212000e+01   2.4585100e+02
   9.2560000e+01   1.0130400e+02   1.8527400e+02
   9.5447000e+01   9.9333000e+01   2.0542900e+02
   1.6225700e+02   1.5361700e+02   2.1558900e+02
   1.1654100e+02   9.7629000e+01   2.3097000e+02
   1.3929200e+02   1.6395800e+02   2.4299500e+02
