This file is created for TexTools software, Resmat Corp 
ODF file name: solodf.HODF 

B	500	0 
	77.65	74.97	77.47	1
	359.15	47.37	63.43	1
	23.51	50.07	9.74	1
	101.30	69.32	64.34	1
	93.14	67.64	85.22	1
	31.85	91.78	14.27	1
	27.48	50.63	5.88	1
	217.15	16.37	238.15	1
	40.96	93.41	4.26	1
	83.55	49.40	37.68	1
	278.19	13.11	172.24	1
	93.69	71.64	84.31	1
	64.31	33.30	335.09	1
	96.40	70.49	80.82	1
	45.10	41.63	352.03	1
	18.50	53.35	9.92	1
	34.47	57.81	55.80	1
	101.20	69.15	71.88	1
	310.66	25.16	134.82	1
	355.43	25.11	79.21	1
	26.60	51.08	8.68	1
	37.80	56.31	53.31	1
	51.43	85.84	85.96	1
	185.49	7.40	315.84	1
	102.46	69.13	69.08	1
	19.95	50.88	22.42	1
	46.81	98.04	2.88	1
	91.98	74.46	86.34	1
	105.49	86.62	23.19	1
	101.69	69.34	69.85	1
	357.33	85.04	20.31	1
	88.22	105.42	356.17	1
	23.17	99.25	9.32	1
	32.79	77.43	73.91	1
	15.81	16.14	69.57	1
	23.16	54.29	7.22	1
	217.18	10.46	232.22	1
	83.10	79.28	75.17	1
	53.02	39.30	343.83	1
	82.98	75.45	72.09	1
	73.40	56.68	48.64	1
	42.70	102.33	11.07	1
	100.56	44.52	72.16	1
	348.30	27.48	82.13	1
	34.64	57.51	56.09	1
	99.60	70.44	74.99	1
	357.97	77.68	21.43	1
	122.51	57.73	44.11	1
	36.37	99.19	9.94	1
	58.24	94.44	357.15	1
	56.61	83.61	83.14	1
	33.48	74.08	70.12	1
	99.71	69.19	65.04	1
	41.48	52.98	40.32	1
	237.86	9.40	210.23	1
	25.62	50.34	8.77	1
	42.66	70.92	67.79	1
	92.28	65.17	84.01	1
	23.68	54.91	14.63	1
	82.75	26.78	319.67	1
	282.19	32.30	132.76	1
	333.57	62.38	357.87	1
	25.67	53.86	11.35	1
	199.33	5.91	283.11	1
	290.35	13.26	159.89	1
	31.36	60.43	11.33	1
	160.41	17.81	346.67	1
	14.91	11.01	76.61	1
	40.86	92.75	4.04	1
	325.42	53.70	345.83	1
	33.99	99.44	10.69	1
	9.21	74.40	6.61	1
	112.36	51.26	54.18	1
	97.31	68.37	79.73	1
	91.98	71.36	70.83	1
	10.23	11.65	81.29	1
	94.39	57.59	79.97	1
	29.67	8.38	62.87	1
	17.67	14.70	65.48	1
	285.37	15.27	163.33	1
	40.51	106.32	16.89	1
	200.94	15.94	295.31	1
	24.98	51.44	51.77	1
	50.77	10.47	39.77	1
	31.35	59.82	58.93	1
	91.40	78.42	69.02	1
	200.91	12.99	306.59	1
	102.34	67.52	62.94	1
	100.36	69.12	73.39	1
	33.38	97.93	9.81	1
	108.13	53.37	54.90	1
	36.89	44.94	0.16	1
	149.61	6.33	337.81	1
	105.82	86.17	24.59	1
	55.42	84.03	83.74	1
	45.96	108.39	18.88	1
	16.74	50.12	21.26	1
	40.71	91.68	2.49	1
	85.63	101.12	0.22	1
	92.04	70.84	86.94	1
	2.97	47.63	57.66	1
	29.47	102.81	12.30	1
	319.98	65.65	78.39	1
	350.55	26.30	85.76	1
	39.42	99.03	7.66	1
	36.03	57.76	12.82	1
	79.29	51.25	40.26	1
	348.13	17.53	103.19	1
	50.76	6.18	309.81	1
	26.74	49.93	2.17	1
	98.73	44.38	74.59	1
	102.02	69.37	70.32	1
	18.89	11.26	73.32	1
	76.65	75.31	78.37	1
	94.88	72.39	84.89	1
	59.85	34.70	338.27	1
	96.08	69.89	80.32	1
	71.40	8.35	18.22	1
	89.35	75.00	86.79	1
	62.30	79.60	85.06	1
	73.68	72.45	87.39	1
	89.08	51.48	54.38	1
	78.33	74.58	76.70	1
	50.98	86.06	86.21	1
	43.08	92.80	0.56	1
	178.30	94.97	78.28	1
	254.86	80.41	23.97	1
	285.20	31.02	32.51	1
	261.05	91.78	55.78	1
	235.44	69.32	93.82	1
	176.50	75.32	35.48	1
	195.35	23.87	81.48	1
	255.46	79.16	6.10	1
	181.58	66.67	46.37	1
	254.38	80.21	21.44	1
	262.63	3.67	7.23	1
	266.66	96.04	79.18	1
	104.34	57.69	59.57	1
	182.08	97.34	76.23	1
	181.36	33.03	47.90	1
	255.59	83.55	19.60	1
	219.77	42.52	85.87	1
	193.82	95.37	59.80	1
	177.82	14.48	89.64	1
	134.10	35.12	142.43	1
	170.91	49.81	37.70	1
	213.41	38.92	89.88	1
	197.08	84.47	86.25	1
	168.09	11.75	95.81	1
	229.05	51.87	88.52	1
	186.53	65.00	41.77	1
	256.67	72.13	2.56	1
	300.81	109.81	83.27	1
	344.63	90.44	45.31	1
	263.10	92.26	61.04	1
	216.21	89.37	45.56	1
	257.56	78.86	0.30	1
	184.81	72.57	40.30	1
	174.96	92.80	72.10	1
	177.58	15.36	92.13	1
	254.81	79.41	7.10	1
	263.25	26.58	24.76	1
	86.47	71.76	106.44	1
	181.26	28.00	74.25	1
	175.84	78.75	32.59	1
	192.74	31.52	101.40	1
	286.59	74.37	7.18	1
	304.57	72.13	79.64	1
	132.38	39.93	149.14	1
	220.57	44.88	86.58	1
	182.68	93.90	79.68	1
	181.94	94.03	80.34	1
	241.96	26.36	66.86	1
	255.60	77.16	3.81	1
	218.57	85.62	348.02	1
	200.15	80.71	86.01	1
	215.94	91.33	46.10	1
	261.40	91.65	54.69	1
	256.21	79.24	18.67	1
	291.18	32.27	28.08	1
	160.42	56.24	34.51	1
	210.91	89.48	43.81	1
	234.99	67.46	91.43	1
	167.50	60.69	33.28	1
	93.45	52.84	60.95	1
	261.70	28.06	51.03	1
	197.24	61.04	17.64	1
	166.93	57.54	34.39	1
	287.17	31.28	31.11	1
	159.48	7.36	108.85	1
	258.73	88.81	352.39	1
	292.70	34.57	25.99	1
	158.22	12.03	107.59	1
	182.53	75.48	50.44	1
	161.75	65.42	30.57	1
	260.96	73.83	1.23	1
	173.62	70.16	39.14	1
	316.50	76.58	60.92	1
	255.98	100.91	74.34	1
	212.71	88.75	53.84	1
	163.62	10.32	104.16	1
	94.82	74.16	106.79	1
	174.84	6.47	95.31	1
	161.82	14.36	113.75	1
	218.13	5.30	50.54	1
	318.68	79.96	20.42	1
	294.92	35.77	24.08	1
	298.79	94.62	38.84	1
	159.20	7.10	109.29	1
	210.94	86.56	41.42	1
	215.28	90.72	45.48	1
	160.04	14.97	108.88	1
	221.88	43.18	87.63	1
	231.72	58.65	86.78	1
	256.03	83.59	8.76	1
	240.37	24.75	67.84	1
	172.82	46.79	39.01	1
	146.37	7.57	123.65	1
	341.39	93.58	43.75	1
	199.23	81.78	86.09	1
	335.51	91.66	39.31	1
	170.37	66.21	30.76	1
	181.11	72.47	46.80	1
	256.89	72.02	2.58	1
	231.09	69.59	99.00	1
	310.43	96.58	41.10	1
	245.03	83.81	32.74	1
	185.72	70.68	47.38	1
	158.26	26.54	118.19	1
	256.73	76.84	2.71	1
	255.28	77.20	3.64	1
	254.86	80.38	23.78	1
	270.61	28.81	43.83	1
	164.56	19.02	75.02	1
	195.30	25.57	80.12	1
	224.05	46.94	84.46	1
	217.22	91.12	47.11	1
	151.04	10.30	115.82	1
	176.99	94.95	77.82	1
	259.14	97.93	77.61	1
	184.90	16.87	84.40	1
	268.21	101.35	73.90	1
	103.44	7.91	167.68	1
	312.45	126.76	98.65	1
	200.50	80.30	85.98	1
	178.12	90.91	76.34	1
	194.86	25.07	83.51	1
	234.39	65.09	88.82	1
	196.42	85.36	86.29	1
	205.10	87.97	346.66	1
	357.55	105.89	258.63	1
	240.79	111.14	205.97	1
	272.35	142.39	184.92	1
	282.17	117.05	233.22	1
	1.43	103.47	258.11	1
	356.98	93.31	189.55	1
	275.43	140.65	187.97	1
	308.26	132.85	184.54	1
	299.02	126.42	220.12	1
	300.95	133.12	209.97	1
	350.41	179.86	304.02	1
	269.54	98.08	262.44	1
	0.67	150.75	180.26	1
	351.38	103.97	256.93	1
	304.27	134.60	179.54	1
	239.92	110.76	205.48	1
	0.81	127.04	268.17	1
	356.07	111.45	258.64	1
	24.32	156.11	314.94	1
	17.34	143.93	311.87	1
	359.92	126.03	180.16	1
	0.99	130.18	268.90	1
	356.20	97.17	268.54	1
	18.97	165.89	309.97	1
	2.81	121.11	264.86	1
	357.87	107.14	186.18	1
	354.22	105.81	184.44	1
	266.55	101.68	264.66	1
	285.45	86.64	203.16	1
	268.78	75.33	251.25	1
	357.56	94.85	257.35	1
	355.09	107.04	183.75	1
	319.40	79.80	194.46	1
	357.47	109.27	257.53	1
	15.44	159.21	306.76	1
	291.06	129.18	196.03	1
	309.25	132.20	185.65	1
	3.31	116.55	264.94	1
	299.84	137.08	175.54	1
	357.30	114.07	261.17	1
	0.39	136.55	285.98	1
	213.78	103.92	193.70	1
	341.84	110.47	253.84	1
	17.48	143.59	311.81	1
	0.84	126.95	268.16	1
	2.98	108.28	261.89	1
	359.23	94.25	253.52	1
	301.93	131.81	220.56	1
	354.72	103.68	188.69	1
	359.31	103.90	191.40	1
	0.79	100.56	267.85	1
	0.56	109.40	261.29	1
	286.13	116.83	235.40	1
	303.53	131.71	214.22	1
	247.00	115.52	187.64	1
	359.71	124.66	179.71	1
	1.34	114.26	263.13	1
	0.96	107.65	260.61	1
	355.78	117.93	183.02	1
	34.12	151.42	220.75	1
	22.23	154.42	313.83	1
	357.52	116.08	185.60	1
	359.51	121.48	179.53	1
	273.37	124.72	180.24	1
	23.49	164.49	311.69	1
	356.73	116.84	184.65	1
	289.13	146.86	196.18	1
	31.47	160.51	322.74	1
	1.19	96.04	192.12	1
	356.15	117.54	183.61	1
	203.90	102.52	191.02	1
	356.27	104.34	189.26	1
	300.53	115.04	242.51	1
	208.56	92.13	272.11	1
	0.84	112.96	262.60	1
	42.44	163.08	331.62	1
	3.31	116.51	264.93	1
	61.20	159.61	335.18	1
	31.96	160.57	323.05	1
	57.98	160.97	336.96	1
	280.92	89.29	199.87	1
	241.74	112.17	194.31	1
	250.20	114.33	212.08	1
	57.07	160.69	335.77	1
	282.55	117.32	232.68	1
	321.76	112.13	247.90	1
	275.72	128.67	184.29	1
	323.36	117.01	242.36	1
	3.31	116.41	264.90	1
	212.24	103.78	193.34	1
	236.22	153.43	240.02	1
	359.76	131.16	179.89	1
	356.98	175.95	311.15	1
	235.65	109.95	202.81	1
	0.75	98.87	268.30	1
	286.01	86.28	203.76	1
	353.99	109.12	184.42	1
	359.85	98.98	194.88	1
	353.89	106.19	184.38	1
	1.82	103.40	267.46	1
	239.28	110.60	204.96	1
	266.23	117.22	222.08	1
	0.75	112.59	262.48	1
	17.28	145.30	312.09	1
	353.81	104.70	185.64	1
	296.82	130.27	205.08	1
	258.05	116.10	217.18	1
	25.01	157.43	316.87	1
	306.59	164.18	124.64	1
	15.14	141.91	310.32	1
	359.89	124.58	267.68	1
	1.82	113.11	263.34	1
	20.19	167.50	309.70	1
	358.90	105.26	260.98	1
	267.72	98.05	262.85	1
	242.46	160.76	159.80	1
	346.13	105.12	257.42	1
	357.26	176.82	310.25	1
	348.00	100.37	256.46	1
	0.79	100.61	267.83	1
	3.41	97.61	260.90	1
	20.59	152.76	313.33	1
	0.09	109.28	264.44	1
	357.64	97.31	259.62	1
	2.10	97.75	180.18	1
	138.82	77.63	237.74	1
	118.57	98.10	215.76	1
	153.79	159.13	222.12	1
	81.07	91.78	235.66	1
	179.59	109.60	278.58	1
	126.42	95.37	221.94	1
	160.58	151.31	227.01	1
	127.98	166.06	208.53	1
	131.83	103.78	214.23	1
	158.24	154.06	226.32	1
	122.99	167.99	213.65	1
	90.38	95.77	257.96	1
	206.73	153.77	228.96	1
	136.35	75.69	242.72	1
	161.39	150.10	226.86	1
	134.55	99.78	217.03	1
	154.29	127.68	232.30	1
	134.43	78.21	238.67	1
	153.81	157.79	222.56	1
	162.66	145.69	227.98	1
	158.89	136.24	232.08	1
	153.24	125.59	234.30	1
	179.20	97.29	271.27	1
	158.58	158.77	226.57	1
	180.03	124.21	272.37	1
	153.35	127.31	231.74	1
	108.53	93.38	182.77	1
	127.59	122.69	275.55	1
	116.10	96.36	214.41	1
	81.88	94.21	240.84	1
	180.05	79.06	199.44	1
	217.26	97.13	140.99	1
	128.04	100.00	212.94	1
	137.11	81.87	235.02	1
	164.85	158.50	233.44	1
	139.48	85.59	175.41	1
	100.22	161.48	188.69	1
	177.41	116.38	276.41	1
	203.44	151.73	232.17	1
	130.69	86.48	230.10	1
	158.74	134.17	231.70	1
	84.26	70.38	180.57	1
	122.89	138.25	268.13	1
	162.33	142.79	228.59	1
	158.36	131.15	233.57	1
	138.18	79.58	235.97	1
	178.19	91.48	280.77	1
	162.74	145.17	227.86	1
	83.25	38.10	181.17	1
	181.70	99.97	173.16	1
	183.07	100.70	272.52	1
	130.33	86.59	229.69	1
	81.60	91.59	235.05	1
	109.34	94.79	214.33	1
	110.18	160.27	195.22	1
	179.11	127.27	223.86	1
	129.50	87.41	228.90	1
	178.97	113.34	274.78	1
	181.83	120.99	224.21	1
	212.16	160.20	235.10	1
	158.36	153.85	226.33	1
	179.79	116.15	179.39	1
	196.39	123.81	222.34	1
	159.12	165.33	232.04	1
	103.61	168.83	192.04	1
	160.58	136.64	230.19	1
	149.17	160.25	218.01	1
	144.23	162.46	212.83	1
	124.66	94.34	214.15	1
	206.33	120.87	217.56	1
	86.65	74.67	180.43	1
	121.98	93.38	215.04	1
	126.03	80.35	234.60	1
	79.27	97.62	254.79	1
	126.92	88.68	225.98	1
	146.14	159.49	217.74	1
	176.12	117.15	275.10	1
	136.62	166.74	214.69	1
	155.10	158.23	223.29	1
	108.70	167.64	196.26	1
	111.50	95.16	214.65	1
	151.91	159.72	220.32	1
	120.79	95.01	214.19	1
	119.65	163.42	198.98	1
	128.60	88.73	227.24	1
	134.95	82.93	233.23	1
	164.57	159.35	233.06	1
	179.00	131.57	270.74	1
	207.51	121.96	215.70	1
	127.58	90.59	184.77	1
	65.86	145.62	261.20	1
	203.63	135.82	220.93	1
	138.68	161.76	210.55	1
	116.11	96.53	214.57	1
	183.38	99.46	272.15	1
	117.70	94.54	213.56	1
	108.97	95.16	212.73	1
	121.91	91.58	214.85	1
	100.84	99.10	179.58	1
	182.67	103.94	272.53	1
	116.90	94.84	214.12	1
	125.30	97.03	213.22	1
	113.84	93.46	212.69	1
	162.61	146.40	227.84	1
	92.36	95.62	187.62	1
	183.12	99.55	164.84	1
	144.82	159.58	223.80	1
	156.52	157.71	224.08	1
	263.44	157.38	264.24	1
	162.48	147.15	227.75	1
	157.44	128.50	232.71	1
	133.68	83.05	232.44	1
	147.57	160.63	216.60	1
	138.74	77.90	237.33	1
	77.39	97.90	259.70	1
	185.76	164.77	227.83	1
	87.48	97.34	253.34	1
	111.82	166.26	198.61	1
	73.26	102.77	258.22	1
	182.89	101.68	272.76	1
	141.32	78.79	237.80	1
	161.63	149.62	227.33	1
	179.13	113.41	277.24	1
	183.94	95.96	271.09	1
	177.30	97.60	186.14	1
