This file is created for TexTools software, Resmat Corp 
ODF file name: solodf.HODF 

B	500	0 
	83.92	79.67	76.63	1
	13.72	48.58	46.12	1
	28.67	48.30	15.02	1
	81.45	66.96	64.38	1
	92.91	67.88	85.23	1
	27.30	90.50	13.66	1
	23.82	50.43	6.55	1
	191.46	12.71	274.73	1
	44.82	93.78	3.83	1
	82.92	49.21	36.89	1
	285.85	7.01	164.82	1
	93.66	71.71	84.35	1
	62.63	32.84	335.55	1
	77.75	75.41	80.81	1
	43.77	42.33	351.04	1
	19.10	50.17	23.40	1
	34.39	58.39	54.88	1
	99.60	70.23	71.91	1
	351.88	17.70	99.22	1
	343.58	25.56	86.31	1
	27.82	50.71	9.78	1
	36.23	56.54	53.09	1
	51.28	85.78	85.99	1
	116.56	15.87	21.45	1
	101.81	69.80	68.97	1
	42.99	51.36	22.69	1
	59.72	97.85	2.61	1
	91.17	74.52	86.48	1
	104.48	87.28	22.42	1
	92.07	71.26	69.89	1
	358.79	85.32	20.68	1
	76.66	99.29	355.38	1
	34.69	98.56	10.56	1
	29.92	79.08	70.43	1
	13.05	16.16	68.46	1
	16.98	53.37	10.72	1
	144.34	8.31	320.01	1
	83.90	79.43	75.11	1
	49.30	38.55	344.92	1
	60.09	66.76	74.70	1
	73.36	56.21	48.61	1
	55.49	102.90	10.50	1
	96.94	48.16	73.19	1
	334.31	30.00	97.25	1
	34.36	57.91	55.46	1
	93.34	73.26	75.24	1
	0.05	78.47	47.30	1
	109.76	64.61	47.88	1
	49.78	101.21	7.53	1
	62.86	94.70	356.27	1
	56.57	83.51	83.17	1
	32.89	74.01	70.07	1
	77.73	65.30	65.42	1
	58.86	77.36	20.96	1
	124.51	5.34	338.90	1
	28.51	49.54	11.08	1
	40.50	69.81	69.07	1
	92.85	67.17	84.08	1
	32.85	54.30	16.77	1
	79.86	24.69	320.43	1
	315.28	25.19	125.19	1
	350.79	63.86	3.00	1
	30.12	52.95	13.80	1
	195.14	5.60	294.10	1
	57.71	8.87	31.88	1
	29.30	59.51	13.22	1
	124.36	27.82	18.70	1
	9.99	10.78	82.14	1
	43.53	93.26	3.45	1
	327.63	60.42	356.79	1
	44.20	101.15	8.51	1
	3.01	73.93	14.04	1
	113.26	58.22	57.82	1
	96.35	69.87	79.88	1
	69.52	66.98	72.33	1
	8.38	11.21	86.92	1
	92.95	64.22	80.11	1
	28.42	8.42	64.01	1
	315.55	19.37	126.54	1
	291.11	12.17	158.67	1
	52.92	106.59	16.63	1
	206.79	15.75	296.92	1
	30.79	52.67	48.79	1
	50.51	10.56	40.00	1
	32.55	61.07	56.61	1
	90.02	73.76	68.59	1
	137.75	16.18	4.76	1
	83.57	66.05	62.96	1
	89.04	72.97	73.58	1
	41.11	99.61	7.50	1
	106.09	57.68	56.27	1
	37.70	45.88	358.46	1
	98.29	19.75	20.83	1
	105.95	86.31	23.65	1
	55.27	83.90	83.80	1
	54.31	107.98	19.15	1
	37.79	49.02	25.67	1
	43.77	93.20	0.79	1
	83.22	98.41	359.93	1
	76.63	71.77	87.07	1
	21.01	49.77	42.05	1
	39.04	102.02	13.46	1
	324.47	64.89	77.34	1
	349.92	26.05	83.86	1
	52.95	100.40	6.15	1
	30.90	61.43	6.89	1
	79.21	50.91	39.72	1
	356.11	17.14	94.43	1
	318.55	5.23	42.41	1
	19.15	48.11	8.42	1
	101.17	60.19	76.77	1
	101.29	70.20	70.28	1
	10.90	10.57	84.01	1
	83.79	80.15	77.48	1
	94.72	72.47	84.98	1
	57.23	33.87	339.23	1
	97.22	69.99	80.29	1
	71.45	8.48	18.23	1
	94.58	71.81	86.84	1
	57.49	82.70	83.22	1
	59.04	80.93	83.49	1
	73.18	37.32	57.57	1
	83.32	79.37	75.83	1
	50.73	85.98	86.27	1
	50.38	94.32	358.89	1
	178.74	94.00	73.32	1
	254.81	80.38	23.68	1
	284.62	31.32	32.62	1
	261.64	91.58	55.75	1
	234.04	69.28	93.63	1
	177.33	77.47	35.23	1
	192.89	23.11	88.30	1
	257.06	77.64	7.08	1
	186.22	66.83	40.93	1
	250.15	81.67	20.66	1
	89.91	10.90	178.83	1
	271.69	104.26	80.32	1
	108.51	35.87	55.54	1
	192.02	97.49	69.15	1
	178.95	33.04	48.43	1
	260.81	81.14	19.96	1
	221.90	45.53	80.87	1
	203.12	96.66	50.70	1
	165.66	15.65	110.53	1
	177.79	25.82	107.17	1
	170.26	49.96	37.98	1
	218.60	40.97	85.52	1
	197.24	84.25	86.24	1
	167.14	12.39	101.26	1
	227.24	52.91	87.16	1
	186.41	64.25	47.75	1
	257.52	76.92	1.67	1
	267.28	108.13	81.07	1
	335.98	91.47	39.25	1
	261.86	93.13	61.07	1
	214.59	89.87	44.83	1
	255.66	73.44	1.85	1
	175.53	72.50	44.93	1
	180.38	92.85	74.56	1
	171.66	15.77	99.72	1
	251.92	75.06	8.99	1
	274.16	44.55	14.17	1
	107.31	70.20	105.35	1
	181.88	28.61	58.00	1
	177.55	81.25	33.27	1
	202.47	32.46	94.89	1
	283.65	75.43	7.71	1
	304.12	72.29	79.77	1
	173.38	27.77	111.57	1
	221.65	46.90	83.31	1
	185.58	94.28	63.75	1
	183.56	93.66	75.49	1
	244.40	28.18	64.83	1
	254.97	73.33	5.31	1
	218.04	85.74	348.33	1
	200.35	80.44	85.99	1
	202.73	93.18	42.55	1
	261.29	91.69	54.63	1
	256.65	81.01	17.72	1
	291.64	32.07	27.88	1
	159.73	56.27	34.27	1
	212.56	84.93	52.60	1
	234.31	67.24	91.30	1
	166.72	61.12	32.86	1
	85.10	34.20	64.11	1
	261.35	30.13	50.38	1
	193.41	63.71	8.64	1
	166.28	57.83	34.24	1
	287.05	31.35	31.11	1
	160.37	7.43	107.94	1
	240.67	72.60	358.51	1
	291.92	35.05	26.19	1
	156.36	12.83	113.69	1
	178.77	75.75	49.66	1
	160.70	65.99	30.63	1
	262.21	72.24	1.69	1
	170.85	71.80	42.37	1
	312.59	77.22	61.55	1
	266.97	94.71	75.64	1
	234.40	76.34	65.30	1
	162.17	10.54	105.72	1
	119.60	64.71	103.18	1
	169.87	6.96	99.99	1
	216.18	17.92	54.46	1
	130.45	6.75	139.20	1
	310.23	77.58	17.56	1
	294.30	36.14	24.19	1
	306.85	96.88	40.20	1
	160.15	7.17	108.32	1
	213.50	86.31	41.74	1
	215.83	90.45	45.84	1
	158.47	15.65	115.52	1
	225.48	44.40	85.80	1
	228.61	60.09	84.88	1
	255.62	83.52	8.80	1
	240.18	24.50	68.08	1
	171.68	46.96	40.00	1
	132.99	9.49	138.10	1
	331.49	93.42	41.67	1
	199.42	81.53	86.07	1
	332.86	93.57	42.48	1
	169.82	67.57	32.07	1
	181.34	72.42	47.02	1
	257.41	76.50	1.78	1
	228.83	69.11	99.37	1
	321.75	95.23	39.70	1
	241.52	83.61	32.73	1
	182.24	71.14	39.17	1
	183.93	25.13	101.42	1
	256.07	72.85	4.09	1
	254.00	73.60	5.13	1
	250.26	81.79	23.02	1
	269.26	30.20	43.81	1
	142.70	20.87	82.47	1
	187.48	24.20	96.71	1
	223.57	50.39	79.44	1
	214.67	91.59	46.44	1
	150.20	10.84	119.34	1
	180.95	94.35	71.99	1
	277.17	100.18	78.74	1
	182.48	16.77	87.55	1
	259.44	98.13	74.71	1
	237.68	3.34	31.76	1
	312.11	124.28	95.89	1
	200.71	80.04	85.96	1
	178.31	90.96	67.93	1
	193.73	24.85	85.36	1
	233.28	64.87	88.57	1
	196.57	85.16	86.28	1
	205.66	89.06	346.04	1
	352.52	106.37	261.61	1
	241.23	111.49	205.65	1
	276.55	128.19	186.11	1
	280.14	116.85	233.17	1
	2.58	103.76	256.46	1
	359.52	92.76	196.43	1
	279.16	127.30	188.47	1
	301.41	130.28	182.08	1
	293.96	128.21	221.58	1
	297.46	136.81	214.35	1
	3.29	179.86	315.30	1
	269.60	97.94	262.68	1
	1.18	150.71	179.97	1
	341.95	104.05	256.38	1
	306.71	135.98	180.90	1
	240.13	111.01	205.20	1
	1.44	127.06	268.22	1
	338.00	110.18	253.28	1
	23.57	156.08	314.89	1
	16.83	143.93	311.83	1
	358.40	126.00	179.73	1
	1.59	130.19	268.98	1
	0.82	97.30	268.73	1
	41.01	162.69	330.17	1
	3.04	121.13	265.15	1
	359.12	106.71	186.31	1
	356.99	106.31	193.43	1
	265.19	102.13	264.86	1
	284.45	87.29	202.39	1
	249.08	68.55	252.73	1
	359.16	94.13	253.41	1
	359.08	107.16	188.27	1
	323.23	82.90	198.29	1
	340.13	108.69	254.94	1
	24.10	157.90	316.05	1
	294.39	141.81	207.37	1
	304.96	130.34	183.73	1
	2.52	116.62	265.58	1
	302.49	138.65	176.90	1
	338.37	112.24	251.57	1
	1.20	136.47	270.87	1
	225.19	104.12	193.54	1
	326.22	109.52	251.75	1
	17.11	143.49	312.30	1
	1.53	126.96	268.20	1
	357.02	108.48	261.68	1
	359.86	93.79	258.70	1
	301.31	131.35	220.71	1
	349.85	103.63	190.34	1
	355.47	103.54	190.49	1
	356.95	100.75	267.47	1
	1.00	109.56	264.56	1
	284.47	116.63	235.33	1
	299.41	129.11	213.48	1
	275.90	152.47	182.40	1
	359.99	124.61	180.27	1
	355.95	114.34	260.33	1
	0.67	107.78	260.54	1
	355.88	117.83	183.22	1
	39.16	154.81	208.95	1
	22.15	154.41	313.62	1
	357.40	116.01	185.20	1
	359.90	121.39	180.46	1
	280.07	135.72	184.19	1
	31.42	164.15	315.13	1
	356.18	116.77	184.45	1
	282.26	131.36	194.37	1
	18.52	162.93	305.53	1
	0.11	95.62	195.42	1
	356.23	117.45	183.75	1
	216.70	101.81	192.34	1
	359.89	103.95	190.82	1
	298.33	115.09	242.49	1
	213.59	90.60	274.36	1
	1.12	113.06	265.18	1
	35.03	164.68	324.36	1
	2.52	116.57	265.57	1
	44.07	168.03	312.87	1
	32.95	160.44	322.81	1
	48.93	165.54	324.43	1
	279.96	89.76	199.23	1
	274.60	131.63	188.41	1
	250.55	114.52	211.96	1
	49.27	165.04	323.90	1
	282.52	117.32	232.67	1
	316.70	111.92	247.60	1
	284.02	147.01	191.79	1
	321.53	116.79	241.94	1
	2.52	116.47	265.55	1
	222.54	103.70	193.52	1
	237.96	152.72	240.83	1
	358.65	131.15	179.58	1
	357.47	175.95	310.35	1
	237.66	109.94	202.75	1
	356.56	99.04	267.98	1
	285.17	86.83	202.94	1
	357.42	109.10	185.87	1
	358.55	98.53	192.71	1
	357.67	106.36	188.63	1
	0.70	103.51	267.65	1
	239.96	110.98	204.62	1
	267.79	117.56	222.06	1
	0.91	112.71	265.13	1
	16.96	145.28	312.20	1
	349.49	104.91	189.99	1
	298.79	132.91	208.53	1
	258.43	116.23	217.14	1
	26.04	157.38	316.30	1
	331.64	171.38	154.78	1
	12.50	143.85	294.78	1
	0.01	124.62	267.69	1
	344.51	111.95	253.31	1
	44.21	163.95	332.34	1
	355.87	105.20	257.05	1
	267.39	98.07	263.09	1
	233.40	165.87	147.99	1
	330.15	105.14	256.87	1
	356.48	176.80	307.13	1
	332.00	101.59	260.42	1
	356.97	100.80	267.46	1
	359.80	97.39	254.77	1
	20.50	152.77	313.10	1
	2.99	109.50	263.08	1
	0.09	96.66	253.93	1
	357.23	97.73	180.13	1
	133.63	78.46	238.59	1
	135.01	101.03	217.42	1
	154.54	159.09	222.56	1
	81.55	91.61	235.63	1
	179.54	109.78	275.28	1
	136.84	94.62	221.20	1
	160.62	151.31	227.17	1
	131.48	167.39	213.65	1
	134.66	96.44	206.08	1
	158.97	154.25	227.67	1
	114.61	167.28	208.67	1
	77.36	103.70	258.63	1
	205.96	153.76	228.68	1
	133.23	76.23	243.27	1
	161.68	149.98	226.24	1
	129.48	90.36	207.02	1
	158.12	128.80	235.70	1
	128.55	78.41	238.88	1
	153.22	157.74	223.04	1
	162.73	145.65	227.82	1
	156.02	134.66	226.86	1
	154.93	126.41	236.41	1
	183.74	97.44	271.54	1
	157.37	158.63	226.35	1
	179.64	124.25	272.36	1
	159.20	128.38	235.19	1
	112.36	91.78	183.16	1
	121.70	110.67	266.67	1
	128.25	102.46	217.96	1
	81.39	94.74	240.86	1
	177.19	79.66	216.66	1
	186.25	100.72	135.92	1
	129.42	97.08	210.36	1
	136.53	81.48	234.53	1
	155.33	157.12	223.88	1
	156.65	88.99	182.94	1
	102.86	164.89	191.41	1
	178.15	116.44	276.13	1
	192.06	152.06	229.73	1
	130.53	85.92	229.60	1
	158.21	134.21	231.88	1
	88.70	68.84	180.55	1
	123.48	138.28	268.19	1
	162.41	142.72	228.25	1
	155.15	131.78	235.86	1
	132.54	79.83	236.15	1
	185.71	91.44	271.34	1
	163.19	145.14	227.72	1
	107.00	34.82	173.14	1
	182.77	100.05	174.06	1
	179.21	100.86	272.23	1
	128.95	85.90	229.10	1
	82.24	91.38	235.02	1
	120.77	103.61	218.10	1
	119.39	166.18	205.01	1
	179.82	127.22	225.54	1
	128.96	86.66	228.27	1
	177.07	113.49	275.83	1
	179.69	120.73	227.13	1
	206.58	161.29	228.94	1
	158.42	153.84	226.46	1
	180.16	115.95	180.72	1
	188.73	123.68	222.10	1
	131.03	160.59	209.10	1
	100.09	162.10	186.89	1
	161.46	137.34	233.28	1
	149.17	160.60	220.63	1
	149.95	163.61	219.24	1
	116.19	94.12	213.71	1
	198.67	118.88	222.68	1
	89.05	67.96	180.79	1
	114.99	94.27	215.30	1
	109.62	81.57	234.97	1
	84.11	102.23	254.84	1
	122.44	87.59	225.19	1
	138.44	158.63	216.95	1
	176.68	117.22	274.89	1
	131.55	165.89	211.41	1
	153.87	158.05	223.02	1
	112.07	168.60	198.79	1
	122.48	102.94	218.32	1
	163.50	161.27	232.60	1
	122.05	98.21	216.06	1
	120.76	164.75	202.67	1
	128.30	87.71	226.41	1
	130.23	81.94	232.27	1
	157.01	158.24	224.89	1
	178.20	131.57	270.60	1
	202.60	119.92	220.59	1
	128.65	85.03	180.83	1
	49.08	156.08	247.38	1
	201.08	135.02	223.68	1
	133.72	161.11	209.86	1
	129.16	102.57	218.14	1
	179.33	99.61	271.85	1
	119.45	99.40	216.04	1
	121.84	107.05	217.68	1
	108.95	92.61	214.89	1
	103.44	98.89	180.04	1
	177.94	104.03	274.23	1
	121.34	100.10	216.88	1
	124.81	97.29	213.36	1
	112.88	99.24	214.90	1
	162.70	146.36	227.71	1
	90.47	108.88	186.17	1
	167.56	98.99	169.99	1
	141.62	160.64	229.54	1
	154.16	157.40	223.14	1
	263.46	157.40	264.23	1
	162.51	147.12	227.69	1
	156.91	130.72	240.31	1
	126.75	82.42	231.84	1
	160.71	163.13	233.87	1
	133.32	78.74	238.17	1
	74.47	101.95	258.99	1
	187.41	164.67	230.12	1
	84.62	94.53	254.46	1
	112.79	166.64	199.75	1
	73.29	101.39	258.83	1
	179.74	101.87	270.43	1
	140.87	78.63	237.48	1
	161.74	149.64	227.58	1
	178.90	113.51	274.76	1
	179.00	96.06	270.89	1
	183.04	97.52	184.96	1
